# sp|Q9RRB6|SLPA_DEIRA
# AA	inside	membr	outside
1 M	0.14974	0.00000	0.85026
2 K	0.14960	0.00014	0.85026
3 K	0.14910	0.00064	0.85026
4 S	0.14910	0.00064	0.85026
5 L	0.00951	0.14024	0.85025
6 I	0.00951	0.14024	0.85025
7 A	0.00239	0.14736	0.85025
8 L	0.00239	0.14736	0.85025
9 T	0.00221	0.14754	0.85025
10 T	0.00221	0.14754	0.85025
11 A	0.00191	0.14784	0.85025
12 L	0.00058	0.14917	0.85025
13 S	0.00027	0.14947	0.85025
14 F	0.00027	0.14947	0.85025
15 G	0.00027	0.14947	0.85025
16 L	0.00027	0.14948	0.85025
17 A	0.00027	0.14948	0.85025
18 A	0.00027	0.14947	0.85025
19 A	0.00027	0.14947	0.85025
20 Q	0.00027	0.14901	0.85072
21 T	0.00027	0.14877	0.85096
22 A	0.00027	0.14828	0.85145
23 A	0.00027	0.13497	0.86476
24 P	0.00027	0.11372	0.88601
25 V	0.00027	0.08262	0.91711
26 S	0.00027	0.07693	0.9228
27 A	0.00028	0.07255	0.92717
28 P	0.00028	0.00441	0.99531
29 Q	0.00028	0.00354	0.99617
30 V	0.00028	0.00210	0.99761
31 P	0.00028	0.00164	0.99808
32 A	0.00028	0.00131	0.99841
33 L	0.00028	0.00107	0.99865
34 T	0.00028	0.00063	0.99909
35 D	0.00028	0.00004	0.99968
36 V	0.00028	0.00001	0.9997
37 P	0.00028	0.00001	0.99971
38 A	0.00028	0.00001	0.99971
39 G	0.00028	0.00000	0.99971
40 H	0.00028	0.00000	0.99971
41 W	0.00028	0.00000	0.99971
42 A	0.00028	0.00000	0.99971
43 K	0.00028	0.00000	0.99972
44 D	0.00028	0.00000	0.99972
45 A	0.00028	0.00000	0.99972
46 I	0.00028	0.00000	0.99972
47 D	0.00028	0.00000	0.99972
48 R	0.00028	0.00000	0.99972
49 L	0.00027	0.00001	0.99972
50 V	0.00027	0.00001	0.99972
51 S	0.00027	0.00001	0.99972
52 R	0.00027	0.00001	0.99972
53 G	0.00027	0.00001	0.99972
54 V	0.00027	0.00001	0.99972
55 I	0.00027	0.00001	0.99972
56 L	0.00027	0.00001	0.99972
57 G	0.00027	0.00001	0.99972
58 Y	0.00027	0.00001	0.99972
59 P	0.00027	0.00001	0.99972
60 D	0.00027	0.00001	0.99972
61 G	0.00027	0.00001	0.99972
62 T	0.00027	0.00001	0.99972
63 F	0.00027	0.00001	0.99972
64 R	0.00027	0.00001	0.99972
65 G	0.00027	0.00001	0.99972
66 T	0.00027	0.00001	0.99972
67 Q	0.00027	0.00001	0.99972
68 N	0.00027	0.00001	0.99973
69 L	0.00027	0.00000	0.99973
70 T	0.00027	0.00000	0.99973
71 R	0.00027	0.00000	0.99973
72 Y	0.00027	0.00000	0.99973
73 E	0.00027	0.00000	0.99973
74 A	0.00027	0.00000	0.99973
75 A	0.00027	0.00000	0.99973
76 I	0.00027	0.00000	0.99973
77 I	0.00027	0.00000	0.99973
78 I	0.00027	0.00000	0.99973
79 A	0.00027	0.00000	0.99973
80 R	0.00027	0.00000	0.99973
81 L	0.00027	0.00000	0.99973
82 L	0.00027	0.00000	0.99973
83 D	0.00027	0.00000	0.99973
84 Q	0.00027	0.00000	0.99973
85 M	0.00027	0.00000	0.99973
86 R	0.00027	0.00000	0.99973
87 D	0.00027	0.00000	0.99973
88 G	0.00027	0.00000	0.99973
89 E	0.00027	0.00000	0.99973
90 T	0.00027	0.00000	0.99973
91 P	0.00027	0.00000	0.99973
92 A	0.00027	0.00000	0.99973
93 G	0.00027	0.00000	0.99973
94 M	0.00027	0.00000	0.99973
95 T	0.00027	0.00000	0.99973
96 A	0.00027	0.00000	0.99973
97 E	0.00027	0.00000	0.99973
98 D	0.00027	0.00000	0.99973
99 M	0.00027	0.00000	0.99973
100 T	0.00027	0.00000	0.99973
101 A	0.00027	0.00000	0.99973
102 L	0.00027	0.00000	0.99973
103 Q	0.00027	0.00000	0.99973
104 N	0.00027	0.00000	0.99973
105 A	0.00027	0.00000	0.99973
106 I	0.00027	0.00000	0.99973
107 Q	0.00027	0.00000	0.99973
108 E	0.00027	0.00000	0.99973
109 L	0.00027	0.00000	0.99973
110 A	0.00027	0.00000	0.99973
111 A	0.00027	0.00000	0.99973
112 D	0.00027	0.00000	0.99973
113 L	0.00027	0.00000	0.99973
114 A	0.00027	0.00000	0.99973
115 A	0.00027	0.00000	0.99973
116 L	0.00027	0.00000	0.99973
117 G	0.00027	0.00000	0.99973
118 V	0.00027	0.00000	0.99973
119 R	0.00027	0.00000	0.99973
120 V	0.00027	0.00000	0.99973
121 S	0.00027	0.00000	0.99973
122 D	0.00027	0.00000	0.99973
123 L	0.00027	0.00000	0.99973
124 E	0.00027	0.00000	0.99973
125 A	0.00027	0.00000	0.99973
126 N	0.00027	0.00000	0.99973
127 A	0.00027	0.00000	0.99973
128 V	0.00027	0.00000	0.99973
129 S	0.00027	0.00000	0.99973
130 K	0.00027	0.00000	0.99973
131 D	0.00027	0.00000	0.99973
132 D	0.00027	0.00000	0.99973
133 F	0.00027	0.00000	0.99973
134 A	0.00027	0.00000	0.99973
135 R	0.00027	0.00000	0.99973
136 L	0.00027	0.00000	0.99973
137 E	0.00027	0.00000	0.99973
138 A	0.00027	0.00000	0.99973
139 R	0.00027	0.00000	0.99973
140 I	0.00027	0.00000	0.99973
141 E	0.00027	0.00000	0.99973
142 E	0.00027	0.00000	0.99973
143 V	0.00027	0.00000	0.99973
144 A	0.00027	0.00000	0.99973
145 A	0.00027	0.00000	0.99973
146 A	0.00027	0.00000	0.99973
147 G	0.00027	0.00000	0.99973
148 G	0.00027	0.00000	0.99973
149 E	0.00027	0.00000	0.99973
150 Q	0.00027	0.00000	0.99973
151 G	0.00027	0.00000	0.99973
152 A	0.00027	0.00000	0.99973
153 T	0.00027	0.00000	0.99973
154 E	0.00027	0.00000	0.99973
155 A	0.00027	0.00000	0.99973
156 L	0.00027	0.00000	0.99973
157 Q	0.00027	0.00000	0.99973
158 G	0.00027	0.00000	0.99973
159 Q	0.00027	0.00000	0.99973
160 I	0.00027	0.00000	0.99973
161 D	0.00027	0.00000	0.99973
162 D	0.00027	0.00000	0.99973
163 L	0.00027	0.00000	0.99973
164 T	0.00027	0.00000	0.99973
165 A	0.00027	0.00000	0.99973
166 R	0.00027	0.00000	0.99973
167 V	0.00027	0.00000	0.99973
168 D	0.00027	0.00000	0.99973
169 E	0.00027	0.00000	0.99973
170 Y	0.00027	0.00000	0.99973
171 D	0.00027	0.00000	0.99973
172 A	0.00027	0.00000	0.99973
173 L	0.00027	0.00000	0.99973
174 R	0.00027	0.00000	0.99973
175 A	0.00027	0.00000	0.99973
176 D	0.00027	0.00000	0.99973
177 V	0.00027	0.00000	0.99973
178 D	0.00027	0.00000	0.99973
179 D	0.00027	0.00000	0.99973
180 N	0.00027	0.00000	0.99973
181 A	0.00027	0.00000	0.99973
182 S	0.00027	0.00000	0.99973
183 S	0.00027	0.00000	0.99973
184 I	0.00027	0.00000	0.99973
185 A	0.00027	0.00000	0.99973
186 A	0.00027	0.00000	0.99973
187 L	0.00027	0.00000	0.99973
188 N	0.00027	0.00000	0.99973
189 D	0.00027	0.00000	0.99973
190 L	0.00027	0.00000	0.99973
191 T	0.00027	0.00000	0.99973
192 V	0.00027	0.00000	0.99973
193 L	0.00027	0.00000	0.99973
194 L	0.00027	0.00000	0.99973
195 N	0.00027	0.00000	0.99973
196 Q	0.00027	0.00000	0.99973
197 D	0.00027	0.00000	0.99973
198 I	0.00027	0.00000	0.99973
199 L	0.00027	0.00000	0.99973
200 D	0.00027	0.00000	0.99973
201 L	0.00027	0.00000	0.99973
202 Q	0.00027	0.00000	0.99973
203 D	0.00027	0.00000	0.99973
204 R	0.00027	0.00000	0.99973
205 V	0.00027	0.00000	0.99973
206 S	0.00027	0.00000	0.99973
207 A	0.00027	0.00000	0.99973
208 V	0.00027	0.00000	0.99973
209 E	0.00027	0.00000	0.99973
210 A	0.00027	0.00000	0.99973
211 A	0.00027	0.00000	0.99973
212 Q	0.00027	0.00000	0.99973
213 A	0.00027	0.00000	0.99973
214 D	0.00027	0.00000	0.99973
215 F	0.00027	0.00000	0.99973
216 V	0.00027	0.00000	0.99973
217 Q	0.00027	0.00000	0.99973
218 R	0.00027	0.00000	0.99973
219 S	0.00027	0.00000	0.99973
220 D	0.00027	0.00000	0.99973
221 F	0.00027	0.00000	0.99973
222 D	0.00027	0.00000	0.99973
223 A	0.00027	0.00000	0.99973
224 L	0.00027	0.00000	0.99973
225 G	0.00027	0.00000	0.99973
226 G	0.00027	0.00000	0.99973
227 R	0.00027	0.00000	0.99973
228 V	0.00027	0.00000	0.99973
229 T	0.00027	0.00000	0.99973
230 T	0.00027	0.00000	0.99973
231 V	0.00027	0.00000	0.99973
232 E	0.00027	0.00000	0.99973
233 T	0.00027	0.00000	0.99973
234 R	0.00027	0.00000	0.99973
235 V	0.00027	0.00000	0.99973
236 E	0.00027	0.00000	0.99973
237 T	0.00027	0.00000	0.99973
238 V	0.00027	0.00000	0.99973
239 N	0.00027	0.00000	0.99973
240 N	0.00027	0.00000	0.99973
241 S	0.00027	0.00000	0.99973
242 L	0.00027	0.00000	0.99973
243 T	0.00027	0.00000	0.99973
244 G	0.00027	0.00000	0.99973
245 R	0.00027	0.00000	0.99973
246 I	0.00027	0.00000	0.99973
247 A	0.00027	0.00000	0.99973
248 A	0.00027	0.00000	0.99973
249 L	0.00027	0.00000	0.99973
250 E	0.00027	0.00000	0.99973
251 R	0.00027	0.00000	0.99973
252 N	0.00027	0.00000	0.99973
253 A	0.00026	0.00000	0.99973
254 F	0.00026	0.00000	0.99973
255 S	0.00026	0.00000	0.99973
256 V	0.00026	0.00000	0.99973
257 K	0.00026	0.00000	0.99973
258 P	0.00026	0.00000	0.99973
259 S	0.00026	0.00000	0.99973
260 L	0.00026	0.00000	0.99973
261 T	0.00026	0.00000	0.99973
262 I	0.00026	0.00000	0.99973
263 G	0.00026	0.00000	0.99973
264 Y	0.00026	0.00000	0.99973
265 S	0.00026	0.00000	0.99973
266 V	0.00026	0.00000	0.99973
267 S	0.00026	0.00000	0.99973
268 R	0.00026	0.00000	0.99973
269 T	0.00026	0.00000	0.99973
270 S	0.00026	0.00000	0.99973
271 R	0.00026	0.00000	0.99974
272 N	0.00026	0.00000	0.99974
273 F	0.00026	0.00000	0.99974
274 D	0.00026	0.00000	0.99974
275 V	0.00026	0.00000	0.99974
276 D	0.00026	0.00000	0.99974
277 R	0.00026	0.00000	0.99974
278 L	0.00026	0.00000	0.99974
279 F	0.00026	0.00000	0.99974
280 P	0.00026	0.00000	0.99973
281 L	0.00026	0.00000	0.99973
282 N	0.00026	0.00000	0.99973
283 A	0.00026	0.00000	0.99973
284 D	0.00026	0.00000	0.99973
285 G	0.00026	0.00000	0.99973
286 T	0.00026	0.00000	0.99973
287 V	0.00026	0.00000	0.99973
288 A	0.00026	0.00000	0.99973
289 N	0.00026	0.00000	0.99973
290 N	0.00026	0.00000	0.99973
291 A	0.00026	0.00000	0.99973
292 F	0.00026	0.00000	0.99973
293 T	0.00026	0.00000	0.99973
294 S	0.00026	0.00000	0.99973
295 G	0.00026	0.00000	0.99973
296 G	0.00026	0.00000	0.99974
297 I	0.00026	0.00000	0.99974
298 D	0.00026	0.00000	0.99974
299 T	0.00026	0.00000	0.99974
300 D	0.00026	0.00000	0.99974
301 T	0.00026	0.00000	0.99974
302 G	0.00026	0.00000	0.99974
303 A	0.00026	0.00000	0.99974
304 Q	0.00026	0.00000	0.99974
305 R	0.00026	0.00000	0.99974
306 R	0.00026	0.00000	0.99974
307 D	0.00026	0.00000	0.99974
308 F	0.00026	0.00000	0.99974
309 G	0.00026	0.00000	0.99974
310 D	0.00026	0.00000	0.99974
311 F	0.00024	0.00003	0.99974
312 G	0.00023	0.00003	0.99974
313 N	0.00023	0.00003	0.99974
314 A	0.00022	0.00004	0.99974
315 S	0.00021	0.00006	0.99974
316 D	0.00020	0.00007	0.99974
317 P	0.00011	0.00015	0.99974
318 V	0.00004	0.00022	0.99973
319 V	0.00002	0.00024	0.99973
320 A	0.00002	0.00025	0.99973
321 G	0.00001	0.00025	0.99973
322 A	0.00001	0.00026	0.99973
323 A	0.00001	0.00026	0.99973
324 G	0.00001	0.00026	0.99973
325 L	0.00001	0.00026	0.99973
326 Y	0.00001	0.00026	0.99973
327 G	0.00001	0.00026	0.99973
328 F	0.00001	0.00026	0.99973
329 A	0.00001	0.00025	0.99974
330 D	0.00001	0.00024	0.99975
331 G	0.00001	0.00024	0.99975
332 V	0.00001	0.00024	0.99975
333 S	0.00001	0.00024	0.99976
334 Y	0.00001	0.00023	0.99976
335 T	0.00001	0.00023	0.99977
336 V	0.00001	0.00022	0.99977
337 Y	0.00001	0.00021	0.99979
338 F	0.00001	0.00017	0.99983
339 T	0.00001	0.00012	0.99987
340 D	0.00001	0.00003	0.99996
341 G	0.00001	0.00001	0.99998
342 S	0.00001	0.00001	0.99999
343 T	0.00001	0.00000	0.99999
344 A	0.00001	0.00000	0.99999
345 T	0.00001	0.00000	0.99999
346 F	0.00001	0.00000	0.99999
347 D	0.00001	0.00000	0.99999
348 G	0.00001	0.00000	0.99999
349 L	0.00001	0.00000	0.99999
350 N	0.00001	0.00000	0.99999
351 P	0.00001	0.00000	0.99999
352 A	0.00001	0.00000	0.99999
353 D	0.00001	0.00000	0.99999
354 Y	0.00001	0.00000	0.99999
355 K	0.00001	0.00000	0.99999
356 V	0.00001	0.00000	0.99999
357 P	0.00001	0.00000	0.99999
358 T	0.00001	0.00000	0.99999
359 G	0.00001	0.00000	0.99999
360 K	0.00001	0.00000	0.99999
361 V	0.00001	0.00000	0.99999
362 I	0.00001	0.00000	0.99999
363 D	0.00001	0.00000	0.99999
364 T	0.00001	0.00000	0.99999
365 T	0.00001	0.00000	0.99999
366 K	0.00001	0.00000	0.99999
367 G	0.00001	0.00000	0.99999
368 R	0.00001	0.00000	0.99999
369 N	0.00001	0.00000	0.99999
370 G	0.00001	0.00000	0.99999
371 F	0.00001	0.00000	0.99999
372 G	0.00001	0.00000	0.99999
373 F	0.00001	0.00000	0.99999
374 N	0.00001	0.00000	0.99999
375 N	0.00001	0.00000	0.99999
376 L	0.00001	0.00000	0.99999
377 A	0.00001	0.00000	0.99999
378 R	0.00001	0.00000	0.99999
379 Y	0.00001	0.00000	0.99999
380 K	0.00001	0.00000	0.99999
381 E	0.00001	0.00000	0.99999
382 G	0.00001	0.00000	0.99999
383 S	0.00001	0.00000	0.99999
384 T	0.00001	0.00000	0.99999
385 D	0.00001	0.00000	0.99999
386 I	0.00001	0.00000	0.99999
387 G	0.00001	0.00000	0.99999
388 I	0.00001	0.00000	0.99999
389 S	0.00001	0.00000	0.99999
390 L	0.00001	0.00000	0.99999
391 G	0.00001	0.00000	0.99999
392 F	0.00001	0.00000	0.99999
393 D	0.00001	0.00000	0.99999
394 T	0.00001	0.00000	0.99999
395 S	0.00001	0.00000	0.99999
396 G	0.00001	0.00000	0.99999
397 Q	0.00001	0.00000	0.99999
398 F	0.00001	0.00000	0.99999
399 S	0.00001	0.00000	0.99999
400 Q	0.00001	0.00000	0.99999
401 V	0.00001	0.00000	0.99999
402 T	0.00001	0.00000	0.99999
403 S	0.00001	0.00000	0.99999
404 G	0.00001	0.00000	0.99999
405 T	0.00001	0.00000	0.99999
406 G	0.00001	0.00000	0.99999
407 G	0.00001	0.00000	0.99999
408 S	0.00001	0.00000	0.99999
409 L	0.00001	0.00000	0.99999
410 F	0.00001	0.00000	0.99999
411 S	0.00001	0.00000	0.99999
412 T	0.00001	0.00000	0.99999
413 A	0.00001	0.00000	0.99999
414 G	0.00001	0.00000	0.99999
415 R	0.00001	0.00000	0.99999
416 L	0.00001	0.00000	0.99999
417 Q	0.00001	0.00000	0.99999
418 V	0.00001	0.00000	0.99999
419 N	0.00001	0.00000	0.99999
420 Q	0.00001	0.00000	0.99999
421 I	0.00001	0.00000	0.99999
422 D	0.00001	0.00000	0.99999
423 L	0.00001	0.00000	0.99999
424 N	0.00001	0.00000	0.99999
425 F	0.00001	0.00000	0.99999
426 G	0.00001	0.00000	0.99999
427 L	0.00001	0.00000	0.99999
428 V	0.00001	0.00000	0.99999
429 T	0.00001	0.00000	0.99999
430 G	0.00001	0.00000	0.99999
431 L	0.00001	0.00000	0.99999
432 P	0.00001	0.00000	0.99999
433 S	0.00001	0.00000	0.99999
434 D	0.00001	0.00000	0.99999
435 A	0.00001	0.00000	0.99999
436 Y	0.00001	0.00000	0.99999
437 V	0.00001	0.00000	0.99999
438 D	0.00001	0.00000	0.99999
439 T	0.00001	0.00000	0.99999
440 N	0.00001	0.00000	0.99999
441 G	0.00001	0.00000	0.99999
442 N	0.00001	0.00000	0.99999
443 G	0.00001	0.00000	0.99999
444 K	0.00001	0.00000	0.99999
445 K	0.00001	0.00000	0.99999
446 D	0.00001	0.00000	0.99999
447 D	0.00001	0.00000	0.99999
448 G	0.00001	0.00000	0.99999
449 E	0.00001	0.00000	0.99999
450 A	0.00001	0.00000	0.99999
451 T	0.00001	0.00000	0.99999
452 G	0.00001	0.00000	0.99999
453 R	0.00001	0.00000	0.99999
454 G	0.00001	0.00000	0.99999
455 T	0.00001	0.00000	0.99999
456 Y	0.00001	0.00000	0.99999
457 L	0.00001	0.00000	0.99999
458 G	0.00001	0.00000	0.99999
459 S	0.00001	0.00000	0.99999
460 G	0.00001	0.00000	0.99999
461 G	0.00001	0.00000	0.99999
462 T	0.00001	0.00000	0.99999
463 A	0.00001	0.00000	0.99999
464 A	0.00001	0.00000	0.99999
465 I	0.00001	0.00000	0.99999
466 L	0.00001	0.00000	0.99999
467 R	0.00001	0.00000	0.99999
468 D	0.00001	0.00000	0.99999
469 P	0.00001	0.00000	0.99999
470 A	0.00001	0.00000	0.99999
471 G	0.00001	0.00000	0.99999
472 N	0.00001	0.00000	0.99999
473 V	0.00001	0.00000	0.99999
474 Y	0.00001	0.00000	0.99999
475 R	0.00001	0.00000	0.99999
476 P	0.00001	0.00000	0.99999
477 V	0.00001	0.00000	0.99999
478 F	0.00001	0.00000	0.99999
479 F	0.00001	0.00000	0.99999
480 R	0.00001	0.00000	0.99999
481 F	0.00001	0.00000	0.99999
482 K	0.00001	0.00000	0.99999
483 N	0.00001	0.00000	0.99999
484 A	0.00000	0.00000	0.99999
485 T	0.00000	0.00000	0.99999
486 T	0.00000	0.00000	0.99999
487 Q	0.00000	0.00000	0.99999
488 F	0.00000	0.00000	0.99999
489 S	0.00000	0.00000	0.99999
490 V	0.00000	0.00000	0.99999
491 G	0.00000	0.00000	0.99999
492 N	0.00000	0.00000	0.99999
493 N	0.00000	0.00000	0.99999
494 P	0.00000	0.00000	0.99999
495 V	0.00000	0.00000	0.99999
496 I	0.00000	0.00000	0.99999
497 V	0.00000	0.00000	0.99999
498 T	0.00000	0.00000	0.99999
499 L	0.00000	0.00000	0.99999
500 G	0.00000	0.00000	0.99999
501 Q	0.00000	0.00000	0.99999
502 Q	0.00000	0.00000	0.99999
503 Q	0.00000	0.00000	0.99999
504 K	0.00000	0.00000	1
505 F	0.00000	0.00000	1
506 Y	0.00000	0.00000	1
507 F	0.00000	0.00000	1
508 S	0.00000	0.00000	1
509 D	0.00000	0.00000	1
510 Y	0.00000	0.00000	1
511 V	0.00000	0.00000	1
512 F	0.00000	0.00000	1
513 D	0.00000	0.00000	1
514 N	0.00000	0.00000	1
515 N	0.00000	0.00000	1
516 Y	0.00000	0.00000	1
517 D	0.00000	0.00000	1
518 G	0.00000	0.00000	1
519 R	0.00000	0.00000	1
520 G	0.00000	0.00000	1
521 D	0.00000	0.00000	1
522 G	0.00000	0.00000	1
523 F	0.00000	0.00000	1
524 T	0.00000	0.00000	1
525 V	0.00000	0.00000	1
526 T	0.00000	0.00000	1
527 V	0.00000	0.00000	1
528 D	0.00000	0.00000	1
529 G	0.00000	0.00000	1
530 S	0.00000	0.00000	1
531 N	0.00000	0.00000	1
532 V	0.00000	0.00000	1
533 P	0.00000	0.00000	1
534 V	0.00000	0.00000	1
535 I	0.00000	0.00000	1
536 G	0.00000	0.00000	1
537 A	0.00000	0.00000	1
538 W	0.00000	0.00000	1
539 K	0.00000	0.00000	1
540 P	0.00000	0.00000	1
541 Q	0.00000	0.00000	1
542 I	0.00000	0.00000	1
543 K	0.00000	0.00000	1
544 G	0.00000	0.00000	1
545 V	0.00000	0.00000	1
546 Y	0.00000	0.00000	1
547 G	0.00000	0.00000	1
548 S	0.00000	0.00000	1
549 R	0.00000	0.00000	1
550 S	0.00000	0.00000	1
551 G	0.00000	0.00000	1
552 L	0.00000	0.00000	1
553 D	0.00000	0.00000	1
554 G	0.00000	0.00000	1
555 T	0.00000	0.00000	1
556 A	0.00000	0.00000	1
557 E	0.00000	0.00000	1
558 A	0.00000	0.00000	1
559 G	0.00000	0.00000	1
560 Y	0.00000	0.00000	1
561 G	0.00000	0.00000	1
562 V	0.00000	0.00000	1
563 Y	0.00000	0.00000	1
564 Y	0.00000	0.00000	1
565 R	0.00000	0.00000	1
566 G	0.00000	0.00000	0.99999
567 V	0.00000	0.00000	0.99999
568 R	0.00000	0.00000	0.99999
569 A	0.00000	0.00000	0.99999
570 Q	0.00000	0.00000	0.99999
571 I	0.00000	0.00000	0.99999
572 T	0.00000	0.00000	0.99999
573 P	0.00000	0.00000	0.99999
574 V	0.00000	0.00000	0.99999
575 G	0.00000	0.00000	0.99999
576 T	0.00000	0.00000	0.99999
577 L	0.00000	0.00000	0.99999
578 T	0.00000	0.00000	0.99999
579 A	0.00000	0.00000	0.99999
580 G	0.00000	0.00000	0.99999
581 I	0.00000	0.00000	0.99999
582 H	0.00000	0.00000	1
583 Y	0.00000	0.00000	1
584 A	0.00000	0.00000	1
585 Q	0.00000	0.00000	1
586 E	0.00000	0.00000	1
587 G	0.00000	0.00000	1
588 R	0.00000	0.00000	1
589 D	0.00000	0.00000	1
590 M	0.00000	0.00000	1
591 F	0.00000	0.00000	1
592 G	0.00000	0.00000	1
593 A	0.00000	0.00000	1
594 A	0.00000	0.00000	1
595 Q	0.00000	0.00000	1
596 N	0.00000	0.00000	1
597 T	0.00000	0.00000	1
598 T	0.00000	0.00000	1
599 S	0.00000	0.00000	1
600 T	0.00000	0.00000	1
601 P	0.00000	0.00000	1
602 S	0.00000	0.00000	1
603 D	0.00000	0.00000	1
604 V	0.00000	0.00000	1
605 T	0.00000	0.00000	1
606 T	0.00000	0.00000	1
607 Y	0.00000	0.00000	1
608 G	0.00000	0.00000	1
609 A	0.00000	0.00000	1
610 D	0.00000	0.00000	1
611 L	0.00000	0.00000	1
612 H	0.00000	0.00000	1
613 G	0.00000	0.00000	1
614 K	0.00000	0.00000	1
615 A	0.00000	0.00000	1
616 F	0.00000	0.00000	1
617 G	0.00000	0.00000	1
618 V	0.00000	0.00000	1
619 E	0.00000	0.00000	1
620 L	0.00000	0.00000	1
621 H	0.00000	0.00000	1
622 S	0.00000	0.00000	1
623 E	0.00000	0.00000	1
624 Y	0.00000	0.00000	1
625 A	0.00000	0.00000	1
626 T	0.00000	0.00000	1
627 S	0.00000	0.00000	1
628 R	0.00000	0.00000	1
629 V	0.00000	0.00000	1
630 R	0.00000	0.00000	1
631 P	0.00000	0.00000	1
632 N	0.00000	0.00000	1
633 T	0.00000	0.00000	1
634 A	0.00000	0.00000	1
635 N	0.00000	0.00000	1
636 A	0.00000	0.00000	1
637 A	0.00000	0.00000	1
638 V	0.00000	0.00000	1
639 Q	0.00000	0.00000	1
640 T	0.00000	0.00000	1
641 S	0.00000	0.00000	1
642 N	0.00000	0.00000	1
643 A	0.00000	0.00000	1
644 F	0.00000	0.00000	1
645 Y	0.00000	0.00000	1
646 A	0.00000	0.00000	1
647 R	0.00000	0.00000	1
648 V	0.00000	0.00000	1
649 A	0.00000	0.00000	1
650 T	0.00000	0.00000	1
651 R	0.00000	0.00000	1
652 K	0.00000	0.00000	1
653 D	0.00000	0.00000	1
654 N	0.00000	0.00000	1
655 L	0.00000	0.00000	1
656 A	0.00000	0.00000	1
657 F	0.00000	0.00000	1
658 D	0.00000	0.00000	1
659 L	0.00000	0.00000	1
660 N	0.00000	0.00000	1
661 T	0.00000	0.00000	1
662 P	0.00000	0.00000	1
663 A	0.00000	0.00000	1
664 A	0.00000	0.00000	1
665 K	0.00000	0.00000	1
666 F	0.00000	0.00000	1
667 G	0.00000	0.00000	1
668 N	0.00000	0.00000	1
669 D	0.00000	0.00000	1
670 T	0.00000	0.00000	1
671 F	0.00000	0.00000	1
672 G	0.00000	0.00000	1
673 V	0.00000	0.00000	1
674 S	0.00000	0.00000	1
675 L	0.00000	0.00000	1
676 Y	0.00000	0.00000	1
677 D	0.00000	0.00000	1
678 L	0.00000	0.00000	1
679 N	0.00000	0.00000	1
680 Y	0.00000	0.00000	1
681 R	0.00000	0.00000	1
682 K	0.00000	0.00000	1
683 I	0.00000	0.00000	1
684 D	0.00000	0.00000	1
685 A	0.00000	0.00000	1
686 G	0.00000	0.00000	1
687 Y	0.00000	0.00000	1
688 N	0.00000	0.00000	1
689 N	0.00000	0.00000	1
690 V	0.00000	0.00000	1
691 A	0.00000	0.00000	1
692 G	0.00000	0.00000	1
693 I	0.00000	0.00000	1
694 S	0.00000	0.00000	1
695 E	0.00000	0.00000	1
696 Y	0.00000	0.00000	1
697 G	0.00000	0.00000	1
698 Y	0.00000	0.00000	1
699 G	0.00000	0.00000	1
700 S	0.00000	0.00000	1
701 Y	0.00000	0.00000	1
702 S	0.00000	0.00000	1
703 R	0.00000	0.00000	1
704 T	0.00000	0.00000	1
705 S	0.00000	0.00000	1
706 A	0.00000	0.00000	1
707 Q	0.00000	0.00000	1
708 N	0.00000	0.00000	1
709 I	0.00000	0.00000	1
710 A	0.00000	0.00000	1
711 Y	0.00000	0.00000	1
712 N	0.00000	0.00000	1
713 P	0.00000	0.00000	1
714 D	0.00000	0.00000	1
715 T	0.00000	0.00000	1
716 G	0.00000	0.00000	1
717 V	0.00000	0.00000	1
718 T	0.00000	0.00000	1
719 A	0.00000	0.00000	1
720 P	0.00000	0.00000	1
721 F	0.00000	0.00000	1
722 A	0.00000	0.00000	1
723 N	0.00000	0.00000	1
724 L	0.00000	0.00000	1
725 D	0.00000	0.00000	1
726 R	0.00000	0.00000	1
727 Q	0.00000	0.00000	1
728 A	0.00000	0.00000	1
729 Y	0.00000	0.00000	1
730 T	0.00000	0.00000	1
731 D	0.00000	0.00000	1
732 A	0.00000	0.00000	1
733 N	0.00000	0.00000	1
734 N	0.00000	0.00000	1
735 D	0.00000	0.00000	1
736 G	0.00000	0.00000	1
737 T	0.00000	0.00000	1
738 S	0.00000	0.00000	1
739 D	0.00000	0.00000	1
740 R	0.00000	0.00000	1
741 N	0.00000	0.00000	1
742 A	0.00000	0.00000	1
743 D	0.00000	0.00000	1
744 G	0.00000	0.00000	1
745 T	0.00000	0.00000	1
746 V	0.00000	0.00000	1
747 V	0.00000	0.00000	1
748 A	0.00000	0.00000	1
749 T	0.00000	0.00000	1
750 N	0.00000	0.00000	1
751 T	0.00000	0.00000	1
752 K	0.00000	0.00000	1
753 I	0.00000	0.00001	0.99999
754 G	0.00000	0.00001	0.99999
755 Q	0.00000	0.00001	0.99999
756 M	0.00000	0.00001	0.99999
757 G	0.00000	0.00001	0.99999
758 F	0.00000	0.00001	0.99999
759 G	0.00000	0.00001	0.99999
760 V	0.00000	0.00001	0.99999
761 K	0.00000	0.00001	0.99999
762 A	0.00000	0.00001	0.99998
763 A	0.00000	0.00001	0.99998
764 A	0.00000	0.00001	0.99998
765 N	0.00000	0.00001	0.99998
766 L	0.00000	0.00001	0.99998
767 G	0.00000	0.00001	0.99998
768 P	0.00000	0.00001	0.99998
769 V	0.00000	0.00001	0.99998
770 A	0.00000	0.00001	0.99998
771 I	0.00000	0.00001	0.99998
772 G	0.00000	0.00001	0.99998
773 G	0.00000	0.00001	0.99998
774 Y	0.00000	0.00001	0.99998
775 Y	0.00000	0.00001	0.99998
776 D	0.00001	0.00000	0.99998
777 T	0.00001	0.00000	0.99998
778 S	0.00001	0.00000	0.99998
779 T	0.00001	0.00000	0.99998
780 G	0.00001	0.00000	0.99999
781 A	0.00001	0.00000	0.99999
782 N	0.00001	0.00000	0.99999
783 G	0.00001	0.00000	0.99999
784 D	0.00001	0.00000	0.99999
785 N	0.00001	0.00000	0.99999
786 A	0.00001	0.00000	0.99999
787 N	0.00001	0.00000	0.99999
788 R	0.00001	0.00000	0.99999
789 M	0.00001	0.00000	0.99999
790 T	0.00001	0.00000	0.99998
791 E	0.00001	0.00000	0.99998
792 A	0.00001	0.00000	0.99998
793 G	0.00001	0.00000	0.99998
794 G	0.00001	0.00000	0.99998
795 S	0.00001	0.00000	0.99998
796 A	0.00001	0.00000	0.99998
797 K	0.00001	0.00000	0.99998
798 V	0.00001	0.00000	0.99998
799 A	0.00001	0.00000	0.99998
800 Y	0.00001	0.00000	0.99998
801 S	0.00001	0.00000	0.99998
802 I	0.00001	0.00000	0.99998
803 F	0.00001	0.00000	0.99998
804 S	0.00001	0.00000	0.99998
805 L	0.00001	0.00000	0.99998
806 R	0.00001	0.00000	0.99998
807 G	0.00001	0.00000	0.99998
808 T	0.00001	0.00000	0.99998
809 Y	0.00001	0.00000	0.99998
810 N	0.00001	0.00000	0.99998
811 T	0.00001	0.00000	0.99998
812 L	0.00001	0.00000	0.99998
813 D	0.00002	0.00000	0.99998
814 S	0.00002	0.00000	0.99998
815 N	0.00002	0.00000	0.99998
816 R	0.00002	0.00000	0.99998
817 P	0.00002	0.00000	0.99998
818 Q	0.00002	0.00000	0.99998
819 I	0.00002	0.00000	0.99998
820 Y	0.00002	0.00000	0.99998
821 R	0.00002	0.00000	0.99998
822 D	0.00002	0.00000	0.99998
823 A	0.00002	0.00000	0.99998
824 A	0.00002	0.00000	0.99998
825 G	0.00002	0.00000	0.99998
826 T	0.00002	0.00000	0.99998
827 Q	0.00002	0.00000	0.99998
828 I	0.00002	0.00000	0.99998
829 I	0.00002	0.00000	0.99998
830 G	0.00002	0.00000	0.99998
831 D	0.00002	0.00000	0.99998
832 A	0.00002	0.00000	0.99998
833 K	0.00002	0.00000	0.99998
834 V	0.00002	0.00000	0.99998
835 R	0.00002	0.00000	0.99998
836 R	0.00001	0.00001	0.99997
837 Y	0.00001	0.00007	0.99992
838 A	0.00001	0.00011	0.99988
839 V	0.00001	0.00011	0.99987
840 Q	0.00001	0.00011	0.99987
841 A	0.00001	0.00012	0.99987
842 D	0.00001	0.00012	0.99987
843 V	0.00001	0.00012	0.99987
844 T	0.00001	0.00012	0.99987
845 P	0.00001	0.00012	0.99987
846 G	0.00001	0.00012	0.99987
847 L	0.00001	0.00012	0.99987
848 G	0.00001	0.00012	0.99987
849 L	0.00001	0.00012	0.99987
850 F	0.00001	0.00012	0.99987
851 V	0.00001	0.00012	0.99987
852 G	0.00001	0.00012	0.99987
853 A	0.00001	0.00012	0.99987
854 Y	0.00002	0.00012	0.99987
855 Y	0.00004	0.00009	0.99987
856 R	0.00010	0.00003	0.99987
857 D	0.00011	0.00002	0.99987
858 V	0.00011	0.00002	0.99987
859 N	0.00012	0.00001	0.99987
860 V	0.00012	0.00001	0.99987
861 N	0.00013	0.00000	0.99987
862 G	0.00013	0.00000	0.99987
863 V	0.00013	0.00000	0.99987
864 R	0.00013	0.00000	0.99987
865 S	0.00013	0.00000	0.99987
866 T	0.00013	0.00000	0.99987
867 T	0.00013	0.00000	0.99987
868 D	0.00013	0.00000	0.99987
869 R	0.00013	0.00000	0.99987
870 G	0.00013	0.00000	0.99987
871 L	0.00013	0.00000	0.99987
872 L	0.00013	0.00000	0.99987
873 G	0.00013	0.00000	0.99987
874 R	0.00013	0.00000	0.99987
875 G	0.00013	0.00000	0.99987
876 Y	0.00013	0.00000	0.99987
877 L	0.00013	0.00000	0.99987
878 A	0.00013	0.00000	0.99987
879 S	0.00013	0.00000	0.99987
880 S	0.00013	0.00000	0.99987
881 F	0.00013	0.00000	0.99987
882 E	0.00013	0.00000	0.99987
883 P	0.00013	0.00000	0.99987
884 G	0.00013	0.00000	0.99987
885 V	0.00013	0.00000	0.99987
886 G	0.00013	0.00000	0.99987
887 N	0.00013	0.00000	0.99987
888 N	0.00013	0.00000	0.99987
889 A	0.00013	0.00000	0.99987
890 Y	0.00013	0.00000	0.99987
891 R	0.00013	0.00000	0.99987
892 T	0.00013	0.00000	0.99987
893 G	0.00013	0.00000	0.99987
894 L	0.00013	0.00000	0.99987
895 R	0.00013	0.00000	0.99987
896 C	0.00013	0.00000	0.99987
897 A	0.00013	0.00000	0.99987
898 D	0.00013	0.00000	0.99987
899 N	0.00013	0.00000	0.99987
900 N	0.00013	0.00000	0.99987
901 F	0.00013	0.00000	0.99987
902 G	0.00013	0.00000	0.99987
903 T	0.00013	0.00000	0.99987
904 G	0.00013	0.00000	0.99987
905 T	0.00013	0.00000	0.99987
906 R	0.00013	0.00000	0.99987
907 D	0.00013	0.00000	0.99987
908 I	0.00013	0.00000	0.99987
909 D	0.00013	0.00000	0.99987
910 G	0.00013	0.00000	0.99987
911 V	0.00013	0.00000	0.99987
912 G	0.00013	0.00000	0.99987
913 G	0.00013	0.00000	0.99987
914 V	0.00013	0.00000	0.99987
915 L	0.00013	0.00000	0.99987
916 N	0.00013	0.00000	0.99987
917 P	0.00013	0.00000	0.99987
918 A	0.00013	0.00000	0.99987
919 V	0.00013	0.00000	0.99987
920 N	0.00013	0.00000	0.99987
921 L	0.00013	0.00000	0.99987
922 D	0.00013	0.00000	0.99987
923 Q	0.00013	0.00000	0.99987
924 S	0.00013	0.00000	0.99987
925 R	0.00013	0.00000	0.99987
926 T	0.00013	0.00000	0.99987
927 A	0.00013	0.00000	0.99987
928 T	0.00013	0.00000	0.99987
929 C	0.00013	0.00000	0.99987
930 F	0.00013	0.00000	0.99987
931 T	0.00013	0.00000	0.99987
932 S	0.00013	0.00000	0.99987
933 Y	0.00013	0.00000	0.99987
934 G	0.00013	0.00000	0.99987
935 V	0.00013	0.00000	0.99987
936 E	0.00013	0.00000	0.99987
937 A	0.00013	0.00000	0.99987
938 G	0.00013	0.00000	0.99987
939 H	0.00013	0.00000	0.99987
940 A	0.00013	0.00000	0.99987
941 G	0.00013	0.00000	0.99987
942 D	0.00013	0.00000	0.99987
943 N	0.00013	0.00000	0.99987
944 A	0.00013	0.00000	0.99987
945 N	0.00013	0.00000	0.99987
946 A	0.00013	0.00000	0.99987
947 L	0.00013	0.00000	0.99987
948 V	0.00013	0.00000	0.99987
949 K	0.00013	0.00000	0.99987
950 D	0.00013	0.00000	0.99987
951 L	0.00013	0.00000	0.99987
952 F	0.00013	0.00000	0.99987
953 F	0.00013	0.00000	0.99987
954 R	0.00013	0.00000	0.99987
955 V	0.00013	0.00011	0.99976
956 G	0.00013	0.00013	0.99974
957 Y	0.00013	0.00017	0.9997
958 S	0.00013	0.00018	0.99969
959 R	0.00013	0.00020	0.99967
960 V	0.00013	0.00029	0.99958
961 Y	0.00013	0.00032	0.99955
962 V	0.00013	0.00032	0.99955
963 P	0.00013	0.00032	0.99955
964 T	0.00013	0.00032	0.99955
965 T	0.00013	0.00032	0.99955
966 A	0.00013	0.00032	0.99955
967 T	0.00013	0.00032	0.99955
968 A	0.00013	0.00032	0.99955
969 T	0.00013	0.00032	0.99955
970 T	0.00013	0.00032	0.99955
971 G	0.00013	0.00032	0.99955
972 D	0.00013	0.00032	0.99955
973 F	0.00013	0.00032	0.99955
974 S	0.00013	0.00032	0.99955
975 G	0.00013	0.00032	0.99955
976 S	0.00013	0.00032	0.99955
977 V	0.00014	0.00032	0.99955
978 T	0.00029	0.00016	0.99955
979 Y	0.00032	0.00013	0.99955
980 G	0.00039	0.00006	0.99955
981 D	0.00044	0.00001	0.99955
982 A	0.00044	0.00001	0.99955
983 R	0.00045	0.00000	0.99955
984 Y	0.00045	0.00000	0.99955
985 D	0.00045	0.00000	0.99955
986 R	0.00045	0.00000	0.99955
987 K	0.00045	0.00000	0.99955
988 V	0.00045	0.00000	0.99955
989 G	0.00045	0.00000	0.99955
990 V	0.00045	0.00000	0.99955
991 A	0.00045	0.00000	0.99955
992 N	0.00045	0.00000	0.99955
993 V	0.00045	0.00000	0.99955
994 R	0.00045	0.00000	0.99955
995 L	0.00045	0.00000	0.99955
996 A	0.00045	0.00000	0.99955
997 G	0.00045	0.00000	0.99955
998 S	0.00045	0.00000	0.99955
999 F	0.00045	0.00000	0.99955
1000 S	0.00045	0.00000	0.99955
1001 T	0.00045	0.00000	0.99955
1002 T	0.00045	0.00000	0.99955
1003 N	0.00045	0.00000	0.99955
1004 T	0.00045	0.00000	0.99955
1005 Q	0.00045	0.00000	0.99955
1006 L	0.00045	0.00000	0.99955
1007 D	0.00045	0.00000	0.99955
1008 S	0.00045	0.00000	0.99955
1009 R	0.00045	0.00000	0.99955
1010 P	0.00045	0.00000	0.99955
1011 A	0.00045	0.00000	0.99955
1012 G	0.00045	0.00000	0.99955
1013 T	0.00045	0.00000	0.99955
1014 R	0.00045	0.00000	0.99955
1015 G	0.00045	0.00000	0.99955
1016 A	0.00045	0.00000	0.99955
1017 V	0.00045	0.00000	0.99955
1018 G	0.00045	0.00000	0.99955
1019 L	0.00045	0.00000	0.99955
1020 I	0.00045	0.00000	0.99955
1021 V	0.00045	0.00000	0.99955
1022 R	0.00045	0.00000	0.99955
1023 T	0.00045	0.00000	0.99955
1024 D	0.00045	0.00000	0.99955
1025 P	0.00045	0.00000	0.99955
1026 L	0.00045	0.00000	0.99955
1027 E	0.00045	0.00000	0.99955
1028 N	0.00045	0.00000	0.99955
1029 V	0.00045	0.00000	0.99955
1030 P	0.00045	0.00000	0.99955
1031 F	0.00045	0.00000	0.99955
1032 R	0.00045	0.00000	0.99955
1033 P	0.00045	0.00000	0.99955
1034 Q	0.00045	0.00000	0.99955
1035 F	0.00045	0.00000	0.99955
1036 N	0.00045	0.00000	0.99955
1037 G	0.00045	0.00000	0.99955
1038 Q	0.00045	0.00000	0.99955
1039 V	0.00045	0.00000	0.99955
1040 G	0.00045	0.00000	0.99955
1041 Y	0.00045	0.00000	0.99955
1042 Y	0.00045	0.00000	0.99955
1043 T	0.00045	0.00000	0.99955
1044 A	0.00045	0.00000	0.99955
1045 D	0.00045	0.00000	0.99955
1046 N	0.00045	0.00000	0.99955
1047 R	0.00045	0.00000	0.99955
1048 V	0.00045	0.00000	0.99954
1049 A	0.00045	0.00001	0.99954
1050 A	0.00045	0.00001	0.99954
1051 G	0.00045	0.00001	0.99954
1052 N	0.00045	0.00001	0.99954
1053 Y	0.00045	0.00001	0.99954
1054 N	0.00045	0.00001	0.99954
1055 A	0.00045	0.00001	0.99954
1056 N	0.00045	0.00001	0.99954
1057 A	0.00045	0.00001	0.99953
1058 T	0.00045	0.00001	0.99953
1059 K	0.00045	0.00001	0.99953
1060 Y	0.00045	0.00002	0.99953
1061 G	0.00045	0.00002	0.99953
1062 A	0.00045	0.00002	0.99952
1063 G	0.00045	0.00002	0.99952
1064 V	0.00045	0.00002	0.99952
1065 V	0.00045	0.00002	0.99952
1066 L	0.00045	0.00002	0.99952
1067 N	0.00045	0.00002	0.99952
1068 D	0.00045	0.00002	0.99952
1069 F	0.00045	0.00002	0.99952
1070 L	0.00045	0.00002	0.99952
1071 L	0.00046	0.00002	0.99952
1072 P	0.00046	0.00001	0.99952
1073 Q	0.00046	0.00001	0.99952
1074 T	0.00046	0.00001	0.99952
1075 K	0.00046	0.00001	0.99952
1076 I	0.00046	0.00001	0.99952
1077 G	0.00046	0.00001	0.99952
1078 V	0.00046	0.00001	0.99952
1079 R	0.00047	0.00001	0.99952
1080 Y	0.00047	0.00000	0.99952
1081 D	0.00047	0.00000	0.99952
1082 G	0.00047	0.00000	0.99952
1083 Y	0.00047	0.00000	0.99952
1084 M	0.00048	0.00000	0.99952
1085 A	0.00048	0.00000	0.99952
1086 Q	0.00048	0.00000	0.99952
1087 N	0.00048	0.00000	0.99952
1088 R	0.00048	0.00000	0.99952
1089 Q	0.00048	0.00000	0.99952
1090 Y	0.00048	0.00000	0.99952
1091 T	0.00048	0.00000	0.99952
1092 P	0.00048	0.00000	0.99952
1093 F	0.00048	0.00000	0.99952
1094 D	0.00048	0.00000	0.99952
1095 G	0.00048	0.00000	0.99952
1096 D	0.00048	0.00000	0.99952
1097 G	0.00048	0.00000	0.99952
1098 T	0.00048	0.00000	0.99952
1099 Q	0.00048	0.00000	0.99952
1100 G	0.00048	0.00000	0.99952
1101 Y	0.00048	0.00000	0.99952
1102 F	0.00048	0.00000	0.99952
1103 S	0.00048	0.00000	0.99952
1104 D	0.00048	0.00000	0.99952
1105 A	0.00048	0.00000	0.99952
1106 N	0.00048	0.00000	0.99952
1107 N	0.00048	0.00000	0.99952
1108 N	0.00048	0.00000	0.99952
1109 R	0.00048	0.00000	0.99952
1110 R	0.00048	0.00000	0.99952
1111 T	0.00047	0.00000	0.99952
1112 N	0.00047	0.00001	0.99952
1113 L	0.00047	0.00001	0.99952
1114 N	0.00047	0.00001	0.99952
1115 G	0.00047	0.00002	0.99951
1116 V	0.00047	0.00003	0.99951
1117 Y	0.00047	0.00003	0.99951
1118 V	0.00047	0.00003	0.99951
1119 E	0.00047	0.00003	0.99951
1120 G	0.00047	0.00003	0.99951
1121 A	0.00047	0.00003	0.99951
1122 Y	0.00047	0.00003	0.99951
1123 Q	0.00047	0.00003	0.99951
1124 D	0.00047	0.00003	0.99951
1125 L	0.00047	0.00003	0.99951
1126 I	0.00047	0.00003	0.99951
1127 F	0.00047	0.00003	0.99951
1128 S	0.00047	0.00003	0.99951
1129 Y	0.00047	0.00003	0.99951
1130 G	0.00047	0.00003	0.99951
1131 T	0.00047	0.00003	0.99951
1132 Y	0.00047	0.00002	0.99951
1133 T	0.00047	0.00002	0.99951
1134 L	0.00047	0.00002	0.99951
1135 S	0.00048	0.00001	0.99952
1136 Q	0.00048	0.00000	0.99952
1137 K	0.00048	0.00000	0.99952
1138 D	0.00048	0.00000	0.99952
1139 L	0.00048	0.00000	0.99952
1140 N	0.00048	0.00000	0.99952
1141 G	0.00048	0.00000	0.99952
1142 V	0.00048	0.00000	0.99952
1143 E	0.00048	0.00000	0.99952
1144 Y	0.00048	0.00000	0.99952
1145 G	0.00048	0.00000	0.99952
1146 S	0.00048	0.00000	0.99952
1147 G	0.00048	0.00000	0.99952
1148 I	0.00048	0.00000	0.99952
1149 N	0.00048	0.00000	0.99952
1150 N	0.00048	0.00000	0.99952
1151 G	0.00048	0.00000	0.99952
1152 Q	0.00048	0.00000	0.99952
1153 P	0.00048	0.00000	0.99952
1154 A	0.00048	0.00000	0.99952
1155 R	0.00048	0.00000	0.99952
1156 G	0.00048	0.00000	0.99952
1157 Q	0.00048	0.00000	0.99952
1158 T	0.00048	0.00000	0.99952
1159 F	0.00048	0.00000	0.99952
1160 K	0.00048	0.00000	0.99952
1161 I	0.00048	0.00000	0.99952
1162 S	0.00048	0.00000	0.99952
1163 Y	0.00048	0.00000	0.99952
1164 K	0.00048	0.00000	0.99952
1165 V	0.00048	0.00000	0.99952
1166 N	0.00048	0.00000	0.99952
1167 F	0.00048	0.00000	0.99952
