#DeepConCNF_SS8: eight-class secondary structure prediction results 
#probabilities are in the order of H G I E B T S L(loops), the 8 secondary structure types used in DSSP 
   1 M L   0.002 0.000 0.000 0.000 0.000 0.001 0.001 0.995 
   2 K H   0.508 0.003 0.000 0.001 0.002 0.019 0.001 0.466 
   3 K H   0.861 0.003 0.000 0.001 0.001 0.014 0.008 0.111 
   4 S H   0.924 0.005 0.000 0.001 0.000 0.008 0.008 0.055 
   5 L H   0.980 0.002 0.000 0.000 0.000 0.005 0.002 0.010 
   6 I H   0.992 0.001 0.000 0.000 0.000 0.003 0.001 0.003 
   7 A H   0.994 0.000 0.000 0.000 0.000 0.002 0.000 0.003 
   8 L H   0.994 0.000 0.000 0.000 0.000 0.001 0.000 0.004 
   9 T H   0.994 0.000 0.000 0.000 0.000 0.001 0.000 0.004 
  10 T H   0.995 0.000 0.000 0.000 0.000 0.001 0.000 0.004 
  11 A H   0.994 0.000 0.000 0.000 0.000 0.001 0.000 0.004 
  12 L H   0.992 0.000 0.000 0.000 0.000 0.002 0.000 0.006 
  13 S H   0.989 0.000 0.000 0.000 0.000 0.002 0.000 0.008 
  14 F H   0.985 0.000 0.000 0.000 0.000 0.003 0.001 0.011 
  15 G H   0.976 0.001 0.000 0.000 0.000 0.003 0.001 0.018 
  16 L H   0.968 0.002 0.000 0.000 0.000 0.005 0.002 0.024 
  17 A H   0.943 0.003 0.000 0.001 0.000 0.010 0.003 0.040 
  18 A H   0.876 0.003 0.000 0.001 0.000 0.014 0.003 0.102 
  19 A H   0.669 0.002 0.000 0.002 0.001 0.013 0.004 0.309 
  20 Q L   0.152 0.001 0.000 0.003 0.001 0.010 0.004 0.828 
  21 T L   0.014 0.001 0.000 0.001 0.001 0.004 0.005 0.974 
  22 A L   0.002 0.002 0.000 0.002 0.001 0.004 0.007 0.983 
  23 A L   0.001 0.002 0.000 0.002 0.001 0.003 0.007 0.984 
  24 P L   0.001 0.001 0.000 0.003 0.001 0.002 0.004 0.989 
  25 V L   0.001 0.002 0.000 0.003 0.001 0.004 0.007 0.982 
  26 S L   0.001 0.002 0.000 0.004 0.002 0.004 0.017 0.969 
  27 A L   0.001 0.002 0.000 0.002 0.002 0.002 0.016 0.975 
  28 P L   0.001 0.003 0.000 0.002 0.002 0.006 0.016 0.970 
  29 Q L   0.001 0.004 0.000 0.004 0.005 0.010 0.030 0.946 
  30 V L   0.001 0.004 0.000 0.005 0.005 0.006 0.037 0.942 
  31 P L   0.001 0.010 0.000 0.008 0.004 0.013 0.027 0.937 
  32 A L   0.004 0.026 0.000 0.038 0.019 0.040 0.280 0.592 
  33 L L   0.006 0.030 0.000 0.112 0.040 0.041 0.045 0.726 
  34 T L   0.008 0.025 0.000 0.152 0.056 0.046 0.112 0.601 
  35 D L   0.005 0.013 0.000 0.129 0.054 0.033 0.228 0.538 
  36 V L   0.001 0.004 0.000 0.040 0.038 0.003 0.242 0.671 
  37 P L   0.000 0.001 0.000 0.005 0.008 0.002 0.007 0.977 
  38 A T   0.003 0.004 0.000 0.000 0.001 0.963 0.023 0.006 
  39 G T   0.001 0.003 0.000 0.001 0.001 0.955 0.033 0.006 
  40 H S   0.003 0.009 0.000 0.004 0.031 0.017 0.647 0.288 
  41 W T   0.241 0.033 0.001 0.000 0.002 0.692 0.021 0.010 
  42 A T   0.335 0.030 0.001 0.000 0.001 0.605 0.018 0.010 
  43 K H   0.980 0.006 0.001 0.000 0.001 0.007 0.003 0.003 
  44 D H   0.997 0.000 0.000 0.000 0.000 0.001 0.000 0.000 
  45 A H   0.997 0.000 0.000 0.000 0.000 0.002 0.000 0.000 
  46 I H   0.999 0.000 0.000 0.000 0.000 0.000 0.000 0.000 
  47 D H   0.998 0.000 0.000 0.000 0.000 0.001 0.000 0.000 
  48 R H   0.999 0.000 0.000 0.000 0.000 0.001 0.000 0.000 
  49 L H   0.996 0.001 0.000 0.000 0.000 0.003 0.000 0.000 
  50 V H   0.994 0.001 0.000 0.000 0.000 0.003 0.000 0.001 
  51 S H   0.965 0.003 0.000 0.001 0.000 0.028 0.001 0.001 
  52 R T   0.047 0.001 0.000 0.000 0.000 0.944 0.005 0.002 
  53 G T   0.002 0.001 0.000 0.000 0.000 0.986 0.008 0.003 
  54 V S   0.000 0.001 0.000 0.036 0.003 0.005 0.613 0.342 
  55 I E   0.000 0.001 0.000 0.419 0.267 0.005 0.120 0.187 
  56 L L   0.001 0.002 0.000 0.427 0.070 0.010 0.028 0.462 
  57 G L   0.001 0.001 0.000 0.350 0.131 0.012 0.087 0.418 
  58 Y L   0.000 0.001 0.000 0.213 0.080 0.003 0.063 0.639 
  59 P T   0.002 0.019 0.000 0.024 0.021 0.741 0.127 0.066 
  60 D T   0.001 0.018 0.000 0.002 0.003 0.839 0.120 0.018 
  61 G S   0.001 0.019 0.000 0.012 0.017 0.048 0.717 0.186 
  62 T L   0.000 0.002 0.000 0.060 0.094 0.008 0.213 0.623 
  63 F B   0.000 0.001 0.000 0.131 0.487 0.005 0.115 0.261 
  64 R L   0.000 0.002 0.000 0.101 0.107 0.016 0.106 0.667 
  65 G T   0.001 0.012 0.000 0.034 0.054 0.332 0.324 0.243 
  66 T S   0.001 0.012 0.000 0.008 0.012 0.228 0.635 0.105 
  67 Q S   0.000 0.006 0.000 0.017 0.005 0.015 0.898 0.058 
  68 N L   0.001 0.003 0.000 0.117 0.355 0.022 0.123 0.379 
  69 L L   0.000 0.000 0.000 0.127 0.100 0.001 0.051 0.720 
  70 T B   0.014 0.001 0.001 0.142 0.414 0.003 0.018 0.408 
  71 R H   0.979 0.002 0.000 0.005 0.000 0.008 0.002 0.004 
  72 Y H   0.990 0.002 0.000 0.000 0.000 0.006 0.001 0.001 
  73 E H   0.996 0.001 0.000 0.000 0.000 0.002 0.000 0.000 
  74 A H   0.998 0.000 0.000 0.000 0.000 0.001 0.000 0.000 
  75 A H   0.998 0.000 0.000 0.000 0.000 0.001 0.000 0.000 
  76 I H   0.998 0.000 0.000 0.000 0.000 0.002 0.000 0.000 
  77 I H   0.998 0.000 0.000 0.000 0.000 0.002 0.000 0.000 
  78 I H   0.998 0.000 0.000 0.000 0.000 0.001 0.000 0.000 
  79 A H   0.996 0.001 0.000 0.000 0.000 0.003 0.000 0.001 
  80 R H   0.992 0.002 0.000 0.000 0.000 0.004 0.001 0.001 
  81 L H   0.975 0.005 0.000 0.001 0.000 0.013 0.002 0.004 
  82 L H   0.520 0.009 0.000 0.001 0.000 0.455 0.008 0.006 
  83 D T   0.128 0.012 0.000 0.000 0.000 0.824 0.012 0.023 
  84 Q L   0.088 0.020 0.000 0.009 0.007 0.065 0.038 0.772 
  85 M L   0.094 0.027 0.000 0.024 0.041 0.044 0.105 0.664 
  86 R L   0.055 0.036 0.000 0.019 0.025 0.058 0.054 0.753 
  87 D L   0.030 0.050 0.000 0.003 0.006 0.371 0.162 0.377 
  88 G T   0.007 0.030 0.000 0.001 0.003 0.438 0.253 0.268 
  89 E L   0.002 0.013 0.000 0.005 0.014 0.041 0.202 0.723 
  90 T L   0.002 0.006 0.000 0.006 0.015 0.003 0.088 0.881 
  91 P L   0.002 0.017 0.000 0.005 0.016 0.051 0.057 0.853 
  92 A T   0.003 0.019 0.000 0.001 0.003 0.742 0.112 0.120 
  93 G T   0.001 0.011 0.000 0.001 0.003 0.692 0.159 0.132 
  94 M L   0.001 0.002 0.000 0.002 0.012 0.003 0.091 0.888 
  95 T L   0.010 0.005 0.000 0.002 0.013 0.002 0.020 0.948 
  96 A H   0.647 0.217 0.000 0.001 0.001 0.066 0.018 0.050 
  97 E H   0.670 0.227 0.000 0.001 0.001 0.070 0.015 0.016 
  98 D H   0.683 0.236 0.000 0.000 0.001 0.026 0.012 0.042 
  99 M H   0.780 0.193 0.000 0.000 0.001 0.016 0.003 0.007 
 100 T H   0.790 0.192 0.000 0.000 0.000 0.015 0.002 0.002 
 101 A H   0.777 0.190 0.000 0.000 0.000 0.028 0.003 0.001 
 102 L H   0.798 0.144 0.001 0.000 0.000 0.042 0.007 0.008 
 103 Q H   0.952 0.028 0.002 0.001 0.001 0.009 0.003 0.004 
 104 N H   0.991 0.003 0.000 0.001 0.000 0.002 0.001 0.001 
 105 A H   0.995 0.001 0.000 0.000 0.000 0.002 0.000 0.001 
 106 I H   0.998 0.000 0.000 0.000 0.000 0.001 0.000 0.000 
 107 Q H   0.998 0.000 0.000 0.000 0.000 0.001 0.000 0.000 
 108 E H   0.998 0.000 0.000 0.000 0.000 0.001 0.000 0.000 
 109 L H   0.998 0.000 0.000 0.000 0.000 0.001 0.000 0.000 
 110 A H   0.996 0.001 0.000 0.000 0.000 0.002 0.000 0.001 
 111 A H   0.989 0.002 0.000 0.000 0.000 0.006 0.000 0.002 
 112 D H   0.969 0.006 0.000 0.001 0.000 0.019 0.001 0.003 
 113 L H   0.846 0.026 0.001 0.001 0.001 0.107 0.008 0.011 
 114 A H   0.661 0.070 0.000 0.001 0.001 0.235 0.017 0.015 
 115 A H   0.476 0.094 0.000 0.004 0.006 0.221 0.091 0.107 
 116 L T   0.186 0.078 0.000 0.007 0.008 0.515 0.107 0.098 
 117 G T   0.013 0.032 0.000 0.017 0.007 0.559 0.032 0.339 
 118 V L   0.006 0.011 0.000 0.084 0.029 0.038 0.090 0.742 
 119 R L   0.011 0.009 0.000 0.157 0.129 0.013 0.052 0.628 
 120 V L   0.015 0.025 0.000 0.111 0.081 0.039 0.070 0.659 
 121 S T   0.014 0.042 0.000 0.009 0.005 0.561 0.180 0.188 
 122 D T   0.015 0.050 0.000 0.006 0.007 0.605 0.170 0.147 
 123 L S   0.016 0.073 0.000 0.018 0.051 0.161 0.350 0.331 
 124 E L   0.019 0.088 0.000 0.015 0.033 0.222 0.095 0.529 
 125 A L   0.012 0.099 0.000 0.009 0.014 0.212 0.301 0.352 
 126 N L   0.004 0.048 0.000 0.034 0.005 0.063 0.354 0.492 
 127 A L   0.015 0.022 0.000 0.308 0.105 0.067 0.127 0.356 
 128 V L   0.013 0.005 0.000 0.393 0.092 0.020 0.073 0.405 
 129 S L   0.029 0.002 0.001 0.361 0.132 0.004 0.016 0.455 
 130 K H   0.973 0.003 0.000 0.004 0.000 0.009 0.003 0.008 
 131 D H   0.989 0.002 0.000 0.000 0.000 0.006 0.001 0.002 
 132 D H   0.995 0.002 0.000 0.000 0.000 0.002 0.000 0.001 
 133 F H   0.997 0.000 0.000 0.000 0.000 0.001 0.000 0.001 
 134 A H   0.996 0.000 0.000 0.000 0.000 0.002 0.000 0.001 
 135 R H   0.997 0.000 0.000 0.000 0.000 0.002 0.000 0.000 
 136 L H   0.997 0.000 0.000 0.000 0.000 0.002 0.000 0.000 
 137 E H   0.997 0.000 0.000 0.000 0.000 0.002 0.000 0.001 
 138 A H   0.995 0.001 0.000 0.000 0.000 0.003 0.000 0.001 
 139 R H   0.994 0.001 0.000 0.000 0.000 0.003 0.000 0.001 
 140 I H   0.994 0.002 0.000 0.000 0.000 0.003 0.000 0.001 
 141 E H   0.979 0.003 0.000 0.000 0.000 0.014 0.001 0.003 
 142 E H   0.960 0.006 0.000 0.000 0.000 0.025 0.002 0.007 
 143 V H   0.937 0.012 0.000 0.001 0.000 0.029 0.004 0.015 
 144 A H   0.890 0.020 0.000 0.001 0.001 0.058 0.008 0.022 
 145 A H   0.755 0.027 0.000 0.001 0.001 0.124 0.021 0.071 
 146 A T   0.354 0.026 0.000 0.001 0.002 0.410 0.058 0.149 
 147 G T   0.028 0.016 0.000 0.000 0.001 0.671 0.040 0.242 
 148 G L   0.021 0.012 0.000 0.001 0.004 0.165 0.172 0.624 
 149 E L   0.070 0.007 0.000 0.002 0.006 0.017 0.062 0.837 
 150 Q H   0.795 0.019 0.000 0.000 0.001 0.097 0.033 0.055 
 151 G H   0.859 0.017 0.000 0.001 0.000 0.070 0.020 0.033 
 152 A H   0.938 0.016 0.000 0.000 0.000 0.015 0.010 0.021 
 153 T H   0.976 0.003 0.000 0.000 0.000 0.007 0.002 0.011 
 154 E H   0.992 0.002 0.000 0.000 0.000 0.002 0.001 0.003 
 155 A H   0.994 0.001 0.000 0.000 0.000 0.002 0.000 0.002 
 156 L H   0.991 0.001 0.000 0.000 0.000 0.005 0.001 0.003 
 157 Q H   0.994 0.001 0.000 0.000 0.000 0.003 0.000 0.002 
 158 G H   0.992 0.001 0.000 0.000 0.000 0.004 0.001 0.002 
 159 Q H   0.993 0.001 0.000 0.000 0.000 0.003 0.000 0.002 
 160 I H   0.996 0.000 0.000 0.000 0.000 0.002 0.000 0.001 
 161 D H   0.996 0.000 0.000 0.000 0.000 0.002 0.000 0.001 
 162 D H   0.996 0.000 0.000 0.000 0.000 0.002 0.000 0.001 
 163 L H   0.995 0.001 0.000 0.000 0.000 0.003 0.000 0.001 
 164 T H   0.994 0.001 0.000 0.000 0.000 0.003 0.000 0.001 
 165 A H   0.992 0.001 0.000 0.000 0.000 0.005 0.001 0.001 
 166 R H   0.987 0.002 0.000 0.000 0.000 0.008 0.001 0.002 
 167 V H   0.988 0.002 0.000 0.000 0.000 0.006 0.001 0.003 
 168 D H   0.989 0.002 0.000 0.000 0.000 0.006 0.001 0.003 
 169 E H   0.988 0.002 0.000 0.000 0.000 0.006 0.001 0.003 
 170 Y H   0.991 0.002 0.000 0.000 0.000 0.004 0.001 0.003 
 171 D H   0.993 0.001 0.000 0.000 0.000 0.004 0.001 0.002 
 172 A H   0.992 0.001 0.000 0.000 0.000 0.004 0.001 0.002 
 173 L H   0.990 0.002 0.000 0.000 0.000 0.005 0.001 0.003 
 174 R H   0.989 0.002 0.000 0.000 0.000 0.006 0.001 0.003 
 175 A H   0.981 0.002 0.000 0.000 0.000 0.009 0.002 0.006 
 176 D H   0.970 0.002 0.000 0.000 0.000 0.010 0.002 0.016 
 177 V H   0.985 0.002 0.000 0.000 0.000 0.005 0.001 0.006 
 178 D H   0.989 0.002 0.000 0.000 0.000 0.005 0.001 0.003 
 179 D H   0.988 0.002 0.000 0.000 0.000 0.006 0.001 0.003 
 180 N H   0.988 0.002 0.000 0.000 0.000 0.006 0.001 0.003 
 181 A H   0.992 0.001 0.000 0.000 0.000 0.004 0.001 0.002 
 182 S H   0.993 0.001 0.000 0.000 0.000 0.003 0.000 0.002 
 183 S H   0.993 0.001 0.000 0.000 0.000 0.003 0.000 0.002 
 184 I H   0.995 0.001 0.000 0.000 0.000 0.003 0.000 0.001 
 185 A H   0.994 0.001 0.000 0.000 0.000 0.003 0.000 0.001 
 186 A H   0.993 0.001 0.000 0.000 0.000 0.004 0.000 0.002 
 187 L H   0.993 0.001 0.000 0.000 0.000 0.004 0.001 0.002 
 188 N H   0.994 0.001 0.000 0.000 0.000 0.003 0.000 0.002 
 189 D H   0.993 0.001 0.000 0.000 0.000 0.004 0.000 0.002 
 190 L H   0.993 0.001 0.000 0.000 0.000 0.004 0.000 0.002 
 191 T H   0.993 0.001 0.000 0.000 0.000 0.004 0.000 0.002 
 192 V H   0.993 0.001 0.000 0.000 0.000 0.003 0.001 0.002 
 193 L H   0.993 0.001 0.000 0.000 0.000 0.004 0.001 0.002 
 194 L H   0.993 0.001 0.000 0.000 0.000 0.004 0.001 0.002 
 195 N H   0.992 0.001 0.000 0.000 0.000 0.004 0.001 0.002 
 196 Q H   0.993 0.001 0.000 0.000 0.000 0.003 0.000 0.002 
 197 D H   0.992 0.001 0.000 0.000 0.000 0.004 0.001 0.003 
 198 I H   0.993 0.001 0.000 0.000 0.000 0.003 0.000 0.002 
 199 L H   0.993 0.001 0.000 0.000 0.000 0.004 0.000 0.001 
 200 D H   0.990 0.001 0.000 0.000 0.000 0.006 0.001 0.002 
 201 L H   0.993 0.001 0.000 0.000 0.000 0.004 0.001 0.002 
 202 Q H   0.995 0.001 0.000 0.000 0.000 0.003 0.000 0.001 
 203 D H   0.995 0.001 0.000 0.000 0.000 0.003 0.000 0.001 
 204 R H   0.994 0.001 0.000 0.000 0.000 0.003 0.000 0.001 
 205 V H   0.995 0.001 0.000 0.000 0.000 0.003 0.000 0.001 
 206 S H   0.994 0.001 0.000 0.000 0.000 0.003 0.000 0.002 
 207 A H   0.994 0.001 0.000 0.000 0.000 0.003 0.000 0.002 
 208 V H   0.994 0.001 0.000 0.000 0.000 0.003 0.000 0.001 
 209 E H   0.993 0.002 0.000 0.000 0.000 0.003 0.000 0.002 
 210 A H   0.990 0.002 0.000 0.000 0.000 0.005 0.001 0.002 
 211 A H   0.978 0.004 0.000 0.000 0.000 0.013 0.001 0.003 
 212 Q H   0.953 0.007 0.000 0.001 0.000 0.025 0.003 0.011 
 213 A H   0.935 0.013 0.000 0.001 0.000 0.033 0.004 0.014 
 214 D H   0.903 0.017 0.000 0.001 0.000 0.056 0.006 0.016 
 215 F H   0.883 0.021 0.000 0.003 0.001 0.049 0.009 0.034 
 216 V H   0.810 0.024 0.000 0.004 0.002 0.084 0.020 0.056 
 217 Q H   0.609 0.023 0.000 0.004 0.003 0.244 0.033 0.083 
 218 R H   0.369 0.020 0.000 0.004 0.008 0.195 0.078 0.326 
 219 S L   0.141 0.014 0.000 0.001 0.003 0.080 0.171 0.590 
 220 D L   0.161 0.019 0.000 0.001 0.007 0.038 0.181 0.594 
 221 F H   0.808 0.053 0.000 0.001 0.001 0.047 0.030 0.059 
 222 D H   0.851 0.057 0.000 0.001 0.001 0.050 0.021 0.019 
 223 A H   0.861 0.057 0.000 0.001 0.001 0.040 0.012 0.027 
 224 L H   0.890 0.023 0.000 0.001 0.001 0.035 0.014 0.035 
 225 G H   0.877 0.013 0.000 0.000 0.001 0.057 0.015 0.035 
 226 G H   0.889 0.008 0.000 0.000 0.001 0.045 0.020 0.036 
 227 R H   0.941 0.005 0.000 0.001 0.001 0.012 0.006 0.033 
 228 V H   0.969 0.004 0.000 0.001 0.001 0.006 0.003 0.017 
 229 T H   0.969 0.003 0.000 0.001 0.000 0.013 0.003 0.012 
 230 T H   0.968 0.002 0.000 0.000 0.000 0.012 0.002 0.015 
 231 V H   0.989 0.001 0.000 0.000 0.000 0.004 0.001 0.004 
 232 E H   0.993 0.001 0.000 0.000 0.000 0.003 0.001 0.002 
 233 T H   0.993 0.001 0.000 0.000 0.000 0.003 0.000 0.002 
 234 R H   0.994 0.001 0.000 0.000 0.000 0.003 0.000 0.002 
 235 V H   0.994 0.001 0.000 0.000 0.000 0.003 0.000 0.001 
 236 E H   0.994 0.001 0.000 0.000 0.000 0.003 0.000 0.001 
 237 T H   0.992 0.001 0.000 0.000 0.000 0.005 0.001 0.002 
 238 V H   0.994 0.001 0.000 0.000 0.000 0.003 0.000 0.001 
 239 N H   0.993 0.001 0.000 0.000 0.000 0.003 0.000 0.002 
 240 N H   0.991 0.001 0.000 0.000 0.000 0.006 0.001 0.002 
 241 S H   0.985 0.001 0.000 0.000 0.000 0.008 0.001 0.003 
 242 L H   0.986 0.001 0.000 0.000 0.000 0.008 0.001 0.003 
 243 T H   0.988 0.001 0.000 0.000 0.000 0.007 0.001 0.002 
 244 G H   0.988 0.001 0.000 0.000 0.000 0.007 0.001 0.002 
 245 R H   0.993 0.001 0.000 0.000 0.000 0.004 0.000 0.002 
 246 I H   0.996 0.001 0.000 0.000 0.000 0.002 0.000 0.001 
 247 A H   0.996 0.001 0.000 0.000 0.000 0.002 0.000 0.001 
 248 A H   0.995 0.001 0.000 0.001 0.000 0.002 0.000 0.001 
 249 L H   0.993 0.001 0.000 0.002 0.000 0.003 0.000 0.001 
 250 E H   0.980 0.002 0.000 0.003 0.000 0.011 0.001 0.003 
 251 R H   0.892 0.005 0.000 0.003 0.000 0.090 0.005 0.004 
 252 N H   0.683 0.018 0.000 0.007 0.001 0.245 0.018 0.028 
 253 A H   0.550 0.048 0.000 0.023 0.003 0.220 0.031 0.124 
 254 F H   0.410 0.062 0.001 0.072 0.012 0.206 0.066 0.173 
 255 S L   0.192 0.046 0.000 0.123 0.017 0.149 0.062 0.410 
 256 V L   0.130 0.022 0.000 0.148 0.044 0.057 0.090 0.510 
 257 K L   0.089 0.018 0.000 0.105 0.012 0.042 0.055 0.679 
 258 P S   0.134 0.060 0.000 0.056 0.003 0.244 0.258 0.246 
 259 S L   0.145 0.055 0.000 0.090 0.006 0.247 0.175 0.282 
 260 L L   0.143 0.038 0.000 0.203 0.019 0.101 0.135 0.361 
 261 T E   0.146 0.017 0.000 0.314 0.026 0.113 0.094 0.290 
 262 I E   0.131 0.017 0.000 0.339 0.013 0.203 0.119 0.179 
 263 G E   0.094 0.016 0.000 0.381 0.004 0.214 0.134 0.157 
 264 Y E   0.075 0.010 0.000 0.633 0.011 0.025 0.077 0.169 
 265 S E   0.062 0.007 0.000 0.781 0.009 0.007 0.025 0.109 
 266 V E   0.053 0.007 0.000 0.832 0.010 0.018 0.016 0.063 
 267 S E   0.040 0.006 0.000 0.800 0.013 0.039 0.042 0.060 
 268 R E   0.020 0.005 0.000 0.612 0.014 0.110 0.121 0.118 
 269 T E   0.006 0.005 0.000 0.356 0.020 0.179 0.216 0.218 
 270 S S   0.002 0.003 0.000 0.175 0.008 0.086 0.546 0.179 
 271 R S   0.002 0.004 0.000 0.149 0.010 0.042 0.695 0.098 
 272 N L   0.003 0.002 0.000 0.152 0.013 0.027 0.235 0.568 
 273 F L   0.026 0.006 0.000 0.244 0.099 0.010 0.049 0.566 
 274 D L   0.050 0.018 0.000 0.258 0.061 0.012 0.028 0.573 
 275 V G   0.328 0.352 0.000 0.159 0.005 0.057 0.016 0.083 
 276 D G   0.325 0.387 0.000 0.117 0.003 0.072 0.025 0.072 
 277 R G   0.310 0.367 0.000 0.115 0.007 0.100 0.034 0.066 
 278 L H   0.287 0.114 0.001 0.123 0.050 0.149 0.145 0.131 
 279 F S   0.030 0.023 0.000 0.103 0.024 0.080 0.495 0.245 
 280 P L   0.022 0.054 0.000 0.070 0.030 0.208 0.168 0.447 
 281 L L   0.022 0.099 0.000 0.048 0.038 0.171 0.255 0.367 
 282 N L   0.017 0.092 0.000 0.057 0.033 0.058 0.197 0.546 
 283 A T   0.046 0.103 0.000 0.078 0.022 0.400 0.100 0.251 
 284 D T   0.044 0.069 0.000 0.082 0.020 0.472 0.146 0.167 
 285 G L   0.042 0.057 0.000 0.097 0.052 0.131 0.184 0.437 
 286 T L   0.044 0.042 0.000 0.104 0.035 0.106 0.153 0.516 
 287 V L   0.049 0.062 0.000 0.138 0.082 0.137 0.170 0.361 
 288 A L   0.050 0.093 0.000 0.120 0.056 0.181 0.146 0.355 
 289 N L   0.048 0.114 0.000 0.051 0.017 0.325 0.069 0.376 
 290 N L   0.054 0.104 0.000 0.031 0.011 0.315 0.109 0.376 
 291 A L   0.063 0.078 0.000 0.065 0.025 0.220 0.142 0.407 
 292 F L   0.063 0.065 0.000 0.150 0.069 0.171 0.113 0.371 
 293 T L   0.049 0.066 0.000 0.171 0.060 0.067 0.097 0.491 
 294 S L   0.041 0.078 0.000 0.129 0.048 0.154 0.145 0.405 
 295 G L   0.013 0.053 0.000 0.049 0.011 0.206 0.238 0.431 
 296 G L   0.006 0.021 0.000 0.040 0.022 0.058 0.234 0.620 
 297 I L   0.008 0.007 0.000 0.053 0.062 0.021 0.093 0.756 
 298 D L   0.006 0.005 0.000 0.028 0.020 0.024 0.054 0.863 
 299 T L   0.036 0.022 0.000 0.018 0.021 0.218 0.099 0.586 
 300 D L   0.068 0.027 0.000 0.008 0.005 0.383 0.070 0.440 
 301 T L   0.150 0.035 0.000 0.014 0.008 0.303 0.088 0.403 
 302 G L   0.205 0.023 0.000 0.035 0.019 0.127 0.105 0.486 
 303 A L   0.179 0.013 0.000 0.058 0.010 0.057 0.087 0.595 
 304 Q L   0.170 0.012 0.000 0.158 0.037 0.030 0.130 0.462 
 305 R L   0.151 0.017 0.000 0.196 0.067 0.027 0.068 0.474 
 306 R L   0.091 0.052 0.000 0.104 0.012 0.053 0.051 0.637 
 307 D L   0.075 0.151 0.000 0.068 0.014 0.086 0.060 0.546 
 308 F L   0.077 0.246 0.000 0.058 0.020 0.174 0.059 0.366 
 309 G L   0.051 0.239 0.000 0.032 0.012 0.131 0.114 0.421 
 310 D L   0.036 0.197 0.000 0.026 0.019 0.054 0.074 0.593 
 311 F L   0.026 0.124 0.000 0.022 0.021 0.133 0.061 0.614 
 312 G L   0.013 0.087 0.000 0.013 0.018 0.131 0.154 0.583 
 313 N L   0.011 0.074 0.000 0.014 0.022 0.066 0.273 0.540 
 314 A T   0.013 0.051 0.000 0.016 0.011 0.407 0.121 0.382 
 315 S T   0.013 0.037 0.000 0.018 0.019 0.393 0.129 0.391 
 316 D L   0.015 0.010 0.000 0.021 0.007 0.013 0.271 0.663 
 317 P L   0.069 0.016 0.000 0.071 0.008 0.060 0.066 0.710 
 318 V E   0.105 0.022 0.000 0.429 0.037 0.060 0.122 0.226 
 319 V E   0.105 0.024 0.000 0.513 0.034 0.035 0.059 0.230 
 320 A E   0.098 0.026 0.000 0.398 0.017 0.072 0.060 0.330 
 321 G L   0.087 0.033 0.000 0.214 0.011 0.094 0.119 0.443 
 322 A L   0.104 0.068 0.000 0.157 0.012 0.181 0.172 0.307 
 323 A T   0.099 0.069 0.000 0.176 0.007 0.262 0.189 0.197 
 324 G E   0.088 0.056 0.000 0.391 0.016 0.104 0.137 0.207 
 325 L E   0.084 0.033 0.000 0.576 0.013 0.087 0.056 0.150 
 326 Y E   0.050 0.017 0.000 0.668 0.011 0.171 0.036 0.047 
 327 G E   0.030 0.014 0.000 0.670 0.012 0.130 0.046 0.098 
 328 F E   0.018 0.011 0.000 0.609 0.021 0.056 0.115 0.170 
 329 A E   0.008 0.016 0.000 0.409 0.028 0.076 0.201 0.261 
 330 D T   0.003 0.026 0.000 0.059 0.004 0.574 0.206 0.128 
 331 G T   0.001 0.019 0.000 0.076 0.003 0.554 0.211 0.135 
 332 V E   0.002 0.009 0.000 0.575 0.029 0.032 0.050 0.302 
 333 S E   0.001 0.002 0.000 0.726 0.006 0.006 0.084 0.175 
 334 Y E   0.000 0.001 0.000 0.863 0.006 0.003 0.019 0.108 
 335 T E   0.001 0.000 0.000 0.950 0.003 0.001 0.005 0.041 
 336 V E   0.000 0.000 0.000 0.965 0.001 0.000 0.004 0.028 
 337 Y E   0.000 0.000 0.000 0.967 0.004 0.001 0.003 0.024 
 338 F E   0.000 0.001 0.000 0.822 0.008 0.003 0.010 0.156 
 339 T L   0.001 0.002 0.000 0.304 0.013 0.017 0.141 0.522 
 340 D S   0.002 0.009 0.000 0.084 0.020 0.274 0.480 0.132 
 341 G S   0.000 0.010 0.000 0.021 0.003 0.264 0.634 0.067 
 342 S L   0.002 0.013 0.000 0.056 0.011 0.102 0.301 0.515 
 343 T L   0.004 0.008 0.000 0.273 0.067 0.030 0.278 0.339 
 344 A L   0.004 0.007 0.000 0.417 0.027 0.014 0.111 0.421 
 345 T E   0.005 0.012 0.000 0.582 0.067 0.013 0.062 0.260 
 346 F E   0.005 0.014 0.000 0.541 0.092 0.024 0.067 0.255 
 347 D T   0.004 0.020 0.000 0.172 0.013 0.505 0.101 0.183 
 348 G T   0.001 0.009 0.000 0.066 0.005 0.507 0.254 0.157 
 349 L L   0.005 0.004 0.000 0.122 0.177 0.040 0.240 0.412 
 350 N L   0.002 0.004 0.000 0.088 0.042 0.013 0.116 0.736 
 351 P G   0.017 0.502 0.000 0.031 0.010 0.119 0.036 0.284 
 352 A G   0.015 0.521 0.000 0.026 0.006 0.216 0.059 0.157 
 353 D G   0.012 0.503 0.000 0.030 0.005 0.170 0.093 0.187 
 354 Y L   0.004 0.019 0.000 0.161 0.071 0.019 0.077 0.650 
 355 K L   0.001 0.002 0.000 0.225 0.118 0.007 0.042 0.607 
 356 V L   0.001 0.002 0.000 0.186 0.070 0.019 0.124 0.598 
 357 P L   0.001 0.007 0.000 0.096 0.024 0.030 0.051 0.791 
 358 T L   0.008 0.015 0.000 0.091 0.032 0.300 0.201 0.353 
 359 G S   0.003 0.010 0.000 0.120 0.011 0.299 0.317 0.240 
 360 K L   0.002 0.004 0.000 0.282 0.019 0.011 0.049 0.632 
 361 V E   0.005 0.002 0.000 0.590 0.102 0.007 0.056 0.238 
 362 I E   0.001 0.002 0.000 0.565 0.029 0.003 0.068 0.331 
 363 D E   0.003 0.008 0.000 0.435 0.039 0.011 0.090 0.415 
 364 T L   0.009 0.043 0.000 0.193 0.026 0.257 0.108 0.364 
 365 T T   0.005 0.060 0.000 0.064 0.011 0.511 0.199 0.151 
 366 K T   0.007 0.060 0.000 0.058 0.014 0.456 0.249 0.156 
 367 G L   0.006 0.035 0.000 0.108 0.026 0.143 0.288 0.394 
 368 R L   0.010 0.035 0.000 0.192 0.099 0.143 0.121 0.401 
 369 N L   0.009 0.042 0.000 0.211 0.054 0.225 0.135 0.324 
 370 G L   0.006 0.033 0.000 0.212 0.021 0.201 0.186 0.342 
 371 F E   0.016 0.038 0.000 0.282 0.070 0.247 0.117 0.228 
 372 G L   0.010 0.041 0.000 0.271 0.023 0.197 0.153 0.305 
 373 F L   0.015 0.065 0.000 0.298 0.077 0.146 0.097 0.301 
 374 N L   0.014 0.064 0.000 0.227 0.043 0.173 0.106 0.374 
 375 N L   0.009 0.057 0.000 0.110 0.022 0.210 0.227 0.365 
 376 L L   0.019 0.053 0.000 0.074 0.022 0.225 0.200 0.406 
 377 A L   0.018 0.041 0.000 0.088 0.007 0.203 0.242 0.402 
 378 R L   0.021 0.034 0.000 0.298 0.041 0.119 0.188 0.298 
 379 Y L   0.010 0.021 0.000 0.426 0.033 0.022 0.045 0.444 
 380 K E   0.008 0.022 0.000 0.497 0.052 0.023 0.045 0.353 
 381 E E   0.007 0.020 0.000 0.486 0.023 0.150 0.125 0.189 
 382 G E   0.002 0.010 0.000 0.455 0.006 0.156 0.200 0.171 
 383 S E   0.001 0.004 0.000 0.589 0.014 0.015 0.062 0.316 
 384 T E   0.000 0.001 0.000 0.771 0.006 0.002 0.021 0.199 
 385 D E   0.000 0.001 0.000 0.926 0.005 0.001 0.013 0.053 
 386 I E   0.000 0.001 0.000 0.957 0.003 0.001 0.007 0.030 
 387 G E   0.000 0.001 0.000 0.937 0.004 0.002 0.010 0.045 
 388 I E   0.000 0.002 0.000 0.852 0.009 0.005 0.024 0.109 
 389 S E   0.001 0.004 0.000 0.674 0.010 0.018 0.090 0.204 
 390 L E   0.001 0.007 0.000 0.537 0.013 0.031 0.169 0.242 
 391 G E   0.001 0.007 0.000 0.475 0.022 0.030 0.242 0.224 
 392 F E   0.003 0.010 0.000 0.398 0.066 0.041 0.136 0.347 
 393 D L   0.001 0.013 0.000 0.111 0.009 0.063 0.307 0.495 
 394 T S   0.005 0.030 0.000 0.071 0.018 0.184 0.379 0.314 
 395 S L   0.004 0.033 0.000 0.062 0.011 0.301 0.175 0.414 
 396 G L   0.004 0.026 0.000 0.135 0.019 0.130 0.236 0.450 
 397 Q L   0.003 0.011 0.000 0.298 0.017 0.016 0.122 0.533 
 398 F E   0.004 0.012 0.000 0.644 0.034 0.026 0.039 0.240 
 399 S E   0.002 0.009 0.000 0.736 0.006 0.022 0.066 0.158 
 400 Q E   0.002 0.008 0.000 0.839 0.012 0.012 0.036 0.091 
 401 V E   0.001 0.005 0.000 0.854 0.007 0.004 0.010 0.118 
 402 T E   0.001 0.006 0.000 0.824 0.013 0.008 0.016 0.132 
 403 S E   0.003 0.009 0.000 0.658 0.021 0.034 0.043 0.233 
 404 G L   0.002 0.010 0.000 0.267 0.007 0.098 0.155 0.461 
 405 T T   0.006 0.016 0.000 0.209 0.029 0.284 0.177 0.279 
 406 G T   0.003 0.017 0.000 0.141 0.014 0.338 0.200 0.288 
 407 G L   0.003 0.022 0.000 0.141 0.007 0.137 0.241 0.449 
 408 S L   0.008 0.024 0.000 0.293 0.021 0.070 0.157 0.427 
 409 L E   0.006 0.019 0.000 0.463 0.026 0.058 0.187 0.241 
 410 F E   0.004 0.011 0.000 0.503 0.059 0.020 0.092 0.310 
 411 S L   0.001 0.004 0.000 0.302 0.020 0.010 0.073 0.589 
 412 T L   0.003 0.011 0.000 0.146 0.017 0.116 0.209 0.498 
 413 A L   0.002 0.016 0.000 0.073 0.005 0.305 0.257 0.341 
 414 G L   0.002 0.018 0.000 0.150 0.006 0.219 0.254 0.351 
 415 R L   0.003 0.008 0.000 0.417 0.013 0.019 0.088 0.452 
 416 L E   0.002 0.004 0.000 0.697 0.009 0.005 0.022 0.261 
 417 Q E   0.002 0.003 0.000 0.844 0.016 0.003 0.009 0.123 
 418 V E   0.001 0.002 0.000 0.807 0.011 0.002 0.012 0.165 
 419 N E   0.001 0.002 0.000 0.680 0.004 0.008 0.079 0.226 
 420 Q E   0.001 0.004 0.000 0.677 0.007 0.020 0.136 0.155 
 421 I E   0.000 0.003 0.000 0.717 0.004 0.009 0.056 0.211 
 422 D E   0.001 0.003 0.000 0.822 0.008 0.004 0.026 0.137 
 423 L E   0.001 0.002 0.000 0.878 0.004 0.002 0.010 0.103 
 424 N E   0.001 0.002 0.000 0.919 0.002 0.003 0.013 0.060 
 425 F E   0.001 0.002 0.000 0.950 0.003 0.001 0.007 0.036 
 426 G E   0.001 0.002 0.000 0.931 0.003 0.001 0.004 0.058 
 427 L E   0.000 0.002 0.000 0.876 0.008 0.002 0.011 0.101 
 428 V E   0.000 0.002 0.000 0.731 0.022 0.005 0.044 0.195 
 429 T L   0.000 0.002 0.000 0.323 0.019 0.025 0.185 0.445 
 430 G L   0.000 0.002 0.000 0.047 0.009 0.018 0.339 0.586 
 431 L L   0.001 0.003 0.000 0.020 0.041 0.011 0.302 0.622 
 432 P L   0.001 0.009 0.000 0.015 0.033 0.030 0.168 0.744 
 433 S T   0.013 0.072 0.000 0.027 0.031 0.340 0.230 0.287 
 434 D T   0.014 0.071 0.000 0.040 0.013 0.387 0.174 0.301 
 435 A L   0.011 0.061 0.000 0.126 0.025 0.082 0.232 0.462 
 436 Y L   0.011 0.018 0.000 0.323 0.074 0.044 0.057 0.473 
 437 V L   0.007 0.011 0.000 0.342 0.161 0.019 0.093 0.368 
 438 D L   0.001 0.007 0.000 0.172 0.036 0.011 0.063 0.710 
 439 T T   0.006 0.025 0.000 0.050 0.013 0.560 0.095 0.252 
 440 N T   0.002 0.023 0.000 0.013 0.006 0.561 0.113 0.282 
 441 G S   0.001 0.023 0.000 0.013 0.016 0.042 0.460 0.444 
 442 N L   0.002 0.007 0.000 0.023 0.013 0.050 0.282 0.624 
 443 G S   0.002 0.007 0.000 0.157 0.055 0.040 0.377 0.362 
 444 K L   0.002 0.005 0.000 0.345 0.072 0.011 0.106 0.457 
 445 K L   0.004 0.009 0.000 0.385 0.087 0.011 0.051 0.453 
 446 D L   0.006 0.023 0.000 0.248 0.047 0.110 0.095 0.471 
 447 D L   0.005 0.038 0.000 0.060 0.010 0.290 0.080 0.517 
 448 G L   0.014 0.041 0.000 0.049 0.012 0.265 0.222 0.397 
 449 E L   0.017 0.024 0.000 0.148 0.048 0.073 0.127 0.563 
 450 A L   0.015 0.016 0.000 0.212 0.052 0.025 0.096 0.584 
 451 T L   0.009 0.016 0.000 0.249 0.056 0.023 0.120 0.526 
 452 G L   0.007 0.021 0.000 0.272 0.042 0.034 0.186 0.438 
 453 R L   0.007 0.021 0.000 0.313 0.023 0.110 0.181 0.344 
 454 G E   0.007 0.018 0.000 0.399 0.012 0.096 0.194 0.274 
 455 T E   0.006 0.011 0.000 0.610 0.010 0.010 0.052 0.301 
 456 Y E   0.008 0.008 0.000 0.818 0.018 0.006 0.024 0.118 
 457 L E   0.005 0.007 0.000 0.799 0.019 0.013 0.030 0.127 
 458 G E   0.001 0.006 0.000 0.497 0.013 0.030 0.093 0.360 
 459 S T   0.003 0.011 0.000 0.280 0.009 0.496 0.110 0.092 
 460 G T   0.001 0.009 0.000 0.237 0.003 0.507 0.129 0.115 
 461 G E   0.001 0.006 0.000 0.477 0.016 0.028 0.220 0.253 
 462 T E   0.000 0.002 0.000 0.665 0.015 0.011 0.115 0.191 
 463 A E   0.001 0.004 0.000 0.811 0.009 0.006 0.029 0.140 
 464 A E   0.001 0.004 0.000 0.883 0.003 0.004 0.013 0.093 
 465 I E   0.001 0.004 0.000 0.935 0.006 0.001 0.014 0.039 
 466 L E   0.000 0.002 0.000 0.937 0.002 0.002 0.009 0.047 
 467 R E   0.000 0.001 0.000 0.872 0.032 0.002 0.015 0.077 
 468 D L   0.000 0.001 0.000 0.071 0.003 0.003 0.013 0.910 
 469 P T   0.001 0.018 0.000 0.005 0.003 0.869 0.038 0.064 
 470 A T   0.001 0.017 0.000 0.001 0.001 0.918 0.038 0.024 
 471 G L   0.001 0.025 0.000 0.006 0.003 0.069 0.440 0.458 
 472 N L   0.000 0.005 0.000 0.049 0.016 0.005 0.033 0.892 
 473 V E   0.002 0.008 0.000 0.646 0.169 0.017 0.080 0.078 
 474 Y E   0.001 0.005 0.000 0.617 0.055 0.011 0.153 0.157 
 475 R L   0.000 0.003 0.000 0.223 0.007 0.009 0.128 0.630 
 476 P L   0.000 0.002 0.000 0.180 0.003 0.014 0.037 0.763 
 477 V E   0.001 0.003 0.000 0.588 0.006 0.011 0.102 0.289 
 478 F E   0.000 0.001 0.000 0.936 0.002 0.002 0.010 0.051 
 479 F E   0.000 0.000 0.000 0.981 0.001 0.000 0.001 0.017 
 480 R E   0.000 0.000 0.000 0.986 0.001 0.000 0.001 0.012 
 481 F E   0.000 0.001 0.000 0.960 0.004 0.002 0.008 0.025 
 482 K E   0.000 0.001 0.000 0.680 0.001 0.009 0.279 0.029 
 483 N E   0.000 0.001 0.000 0.628 0.003 0.015 0.309 0.045 
 484 A E   0.000 0.001 0.000 0.732 0.005 0.005 0.045 0.212 
 485 T E   0.000 0.001 0.000 0.955 0.005 0.002 0.013 0.024 
 486 T E   0.000 0.000 0.000 0.966 0.002 0.001 0.007 0.023 
 487 Q E   0.000 0.000 0.000 0.929 0.002 0.001 0.009 0.059 
 488 F E   0.000 0.001 0.000 0.897 0.003 0.002 0.014 0.082 
 489 S E   0.000 0.003 0.000 0.881 0.006 0.003 0.013 0.093 
 490 V E   0.000 0.004 0.000 0.800 0.030 0.016 0.039 0.111 
 491 G T   0.001 0.009 0.000 0.051 0.003 0.713 0.142 0.080 
 492 N T   0.000 0.006 0.000 0.026 0.001 0.744 0.196 0.027 
 493 N E   0.001 0.006 0.000 0.556 0.041 0.033 0.117 0.245 
 494 P E   0.000 0.001 0.000 0.619 0.007 0.005 0.049 0.319 
 495 V E   0.001 0.002 0.000 0.809 0.008 0.008 0.045 0.127 
 496 I E   0.001 0.001 0.000 0.941 0.004 0.001 0.005 0.047 
 497 V E   0.002 0.001 0.000 0.964 0.002 0.001 0.002 0.028 
 498 T E   0.002 0.001 0.000 0.929 0.004 0.003 0.003 0.059 
 499 L E   0.004 0.011 0.000 0.738 0.010 0.047 0.027 0.163 
 500 G T   0.007 0.027 0.000 0.276 0.003 0.279 0.180 0.227 
 501 Q E   0.009 0.039 0.000 0.243 0.025 0.237 0.210 0.237 
 502 Q L   0.009 0.040 0.000 0.210 0.024 0.052 0.200 0.466 
 503 Q L   0.008 0.031 0.000 0.161 0.013 0.083 0.162 0.542 
 504 K L   0.012 0.021 0.000 0.196 0.033 0.085 0.198 0.455 
 505 F L   0.012 0.016 0.000 0.244 0.025 0.034 0.098 0.572 
 506 Y L   0.014 0.026 0.000 0.321 0.030 0.024 0.119 0.465 
 507 F E   0.031 0.136 0.000 0.362 0.104 0.035 0.054 0.277 
 508 S L   0.033 0.217 0.000 0.167 0.009 0.049 0.086 0.439 
 509 D G   0.058 0.239 0.000 0.149 0.007 0.138 0.218 0.191 
 510 Y E   0.061 0.140 0.000 0.308 0.028 0.188 0.085 0.189 
 511 V E   0.045 0.049 0.000 0.412 0.048 0.189 0.099 0.158 
 512 F E   0.024 0.010 0.000 0.383 0.045 0.115 0.090 0.333 
 513 D L   0.012 0.012 0.000 0.210 0.032 0.078 0.070 0.585 
 514 N L   0.012 0.026 0.000 0.073 0.023 0.218 0.141 0.507 
 515 N L   0.006 0.028 0.000 0.035 0.024 0.234 0.215 0.459 
 516 Y S   0.009 0.031 0.000 0.031 0.032 0.222 0.429 0.246 
 517 D S   0.003 0.023 0.000 0.018 0.015 0.215 0.403 0.323 
 518 G S   0.001 0.023 0.000 0.024 0.025 0.117 0.457 0.352 
 519 R L   0.001 0.020 0.000 0.075 0.072 0.098 0.332 0.402 
 520 G S   0.001 0.016 0.000 0.117 0.063 0.073 0.399 0.331 
 521 D L   0.000 0.009 0.000 0.166 0.016 0.054 0.281 0.474 
 522 G E   0.000 0.003 0.000 0.424 0.013 0.019 0.220 0.319 
 523 F E   0.000 0.000 0.000 0.922 0.006 0.001 0.012 0.059 
 524 T E   0.000 0.000 0.000 0.993 0.001 0.000 0.001 0.006 
 525 V E   0.000 0.000 0.000 0.996 0.000 0.000 0.000 0.003 
 526 T E   0.000 0.000 0.000 0.979 0.001 0.000 0.001 0.017 
 527 V E   0.001 0.001 0.000 0.885 0.008 0.007 0.031 0.067 
 528 D E   0.002 0.023 0.000 0.378 0.008 0.164 0.245 0.181 
 529 G T   0.005 0.076 0.000 0.154 0.008 0.288 0.247 0.221 
 530 S L   0.007 0.081 0.000 0.125 0.016 0.113 0.193 0.463 
 531 N S   0.011 0.054 0.000 0.178 0.040 0.080 0.489 0.148 
 532 V S   0.006 0.013 0.000 0.191 0.017 0.035 0.371 0.367 
 533 P L   0.026 0.028 0.000 0.272 0.021 0.033 0.101 0.517 
 534 V E   0.056 0.056 0.000 0.599 0.049 0.071 0.074 0.094 
 535 I E   0.059 0.085 0.000 0.599 0.033 0.109 0.055 0.060 
 536 G E   0.033 0.090 0.000 0.398 0.009 0.213 0.127 0.128 
 537 A E   0.020 0.063 0.000 0.351 0.018 0.312 0.122 0.114 
 538 W E   0.010 0.038 0.000 0.333 0.055 0.248 0.203 0.111 
 539 K L   0.001 0.005 0.000 0.261 0.011 0.021 0.345 0.357 
 540 P L   0.000 0.003 0.000 0.244 0.006 0.009 0.043 0.695 
 541 Q E   0.001 0.002 0.000 0.823 0.013 0.008 0.030 0.123 
 542 I E   0.000 0.001 0.000 0.973 0.002 0.001 0.005 0.019 
 543 K E   0.000 0.000 0.000 0.988 0.001 0.000 0.001 0.009 
 544 G E   0.000 0.001 0.000 0.991 0.001 0.001 0.001 0.005 
 545 V E   0.000 0.002 0.000 0.977 0.002 0.002 0.004 0.013 
 546 Y E   0.001 0.004 0.000 0.889 0.008 0.007 0.028 0.064 
 547 G E   0.001 0.005 0.000 0.475 0.008 0.011 0.212 0.287 
 548 S L   0.004 0.014 0.000 0.335 0.046 0.043 0.186 0.371 
 549 R S   0.005 0.023 0.000 0.219 0.074 0.070 0.366 0.244 
 550 S S   0.008 0.038 0.000 0.101 0.038 0.300 0.347 0.168 
 551 G T   0.004 0.043 0.000 0.028 0.009 0.356 0.298 0.261 
 552 L L   0.011 0.045 0.000 0.036 0.032 0.276 0.201 0.398 
 553 D L   0.020 0.038 0.000 0.069 0.038 0.311 0.081 0.442 
 554 G L   0.021 0.035 0.000 0.101 0.022 0.188 0.199 0.433 
 555 T L   0.040 0.056 0.000 0.191 0.092 0.085 0.147 0.389 
 556 A L   0.044 0.115 0.000 0.186 0.055 0.094 0.159 0.347 
 557 E L   0.040 0.184 0.000 0.123 0.038 0.166 0.085 0.364 
 558 A T   0.026 0.202 0.000 0.060 0.013 0.399 0.110 0.189 
 559 G T   0.016 0.138 0.000 0.051 0.013 0.412 0.205 0.164 
 560 Y L   0.013 0.069 0.000 0.096 0.058 0.250 0.255 0.260 
 561 G L   0.006 0.024 0.000 0.151 0.026 0.114 0.305 0.375 
 562 V L   0.005 0.028 0.000 0.284 0.023 0.103 0.203 0.355 
 563 Y E   0.003 0.027 0.000 0.602 0.017 0.073 0.052 0.224 
 564 Y E   0.002 0.019 0.000 0.800 0.015 0.018 0.046 0.099 
 565 R E   0.001 0.010 0.000 0.849 0.006 0.007 0.049 0.078 
 566 G E   0.000 0.004 0.000 0.902 0.003 0.005 0.042 0.044 
 567 V E   0.000 0.001 0.000 0.970 0.002 0.001 0.013 0.011 
 568 R E   0.000 0.001 0.000 0.984 0.001 0.001 0.005 0.009 
 569 A E   0.000 0.001 0.000 0.984 0.000 0.001 0.003 0.011 
 570 Q E   0.000 0.000 0.000 0.992 0.001 0.000 0.001 0.006 
 571 I E   0.000 0.000 0.000 0.958 0.003 0.000 0.003 0.035 
 572 T E   0.001 0.002 0.000 0.536 0.005 0.010 0.019 0.428 
 573 P E   0.004 0.016 0.000 0.363 0.019 0.180 0.279 0.139 
 574 V S   0.002 0.015 0.000 0.227 0.017 0.184 0.361 0.194 
 575 G S   0.001 0.014 0.000 0.161 0.003 0.187 0.523 0.111 
 576 T S   0.001 0.005 0.000 0.253 0.005 0.143 0.300 0.294 
 577 L E   0.001 0.004 0.000 0.685 0.008 0.016 0.036 0.251 
 578 T E   0.001 0.002 0.000 0.905 0.002 0.002 0.012 0.077 
 579 A E   0.001 0.001 0.000 0.973 0.001 0.001 0.003 0.020 
 580 G E   0.001 0.000 0.000 0.981 0.000 0.001 0.003 0.015 
 581 I E   0.001 0.001 0.000 0.980 0.000 0.001 0.002 0.015 
 582 H E   0.001 0.001 0.000 0.972 0.001 0.001 0.003 0.020 
 583 Y E   0.002 0.002 0.000 0.966 0.001 0.002 0.004 0.022 
 584 A E   0.004 0.004 0.000 0.928 0.003 0.006 0.009 0.045 
 585 Q E   0.006 0.006 0.000 0.840 0.007 0.018 0.032 0.091 
 586 E E   0.011 0.012 0.000 0.685 0.023 0.062 0.102 0.104 
 587 G L   0.010 0.019 0.000 0.315 0.006 0.125 0.175 0.350 
 588 R L   0.022 0.043 0.000 0.271 0.101 0.093 0.121 0.348 
 589 D L   0.020 0.051 0.000 0.153 0.063 0.032 0.109 0.570 
 590 M T   0.038 0.079 0.000 0.039 0.013 0.555 0.100 0.177 
 591 F T   0.027 0.049 0.000 0.016 0.008 0.668 0.137 0.094 
 592 G S   0.019 0.038 0.000 0.020 0.032 0.208 0.370 0.313 
 593 A L   0.018 0.036 0.000 0.029 0.033 0.081 0.211 0.591 
 594 A L   0.026 0.144 0.000 0.048 0.051 0.123 0.146 0.464 
 595 Q L   0.029 0.171 0.000 0.068 0.032 0.259 0.130 0.310 
 596 N L   0.023 0.127 0.000 0.081 0.016 0.251 0.120 0.381 
 597 T L   0.024 0.048 0.000 0.126 0.052 0.196 0.108 0.444 
 598 T L   0.009 0.013 0.000 0.125 0.033 0.168 0.130 0.520 
 599 S L   0.003 0.006 0.000 0.102 0.046 0.054 0.237 0.552 
 600 T L   0.001 0.005 0.000 0.053 0.026 0.024 0.225 0.667 
 601 P L   0.004 0.020 0.000 0.024 0.018 0.221 0.162 0.551 
 602 S T   0.007 0.026 0.000 0.024 0.010 0.414 0.222 0.298 
 603 D L   0.009 0.023 0.000 0.082 0.012 0.272 0.300 0.302 
 604 V L   0.014 0.011 0.000 0.301 0.060 0.027 0.116 0.470 
 605 T E   0.015 0.012 0.000 0.520 0.021 0.012 0.078 0.342 
 606 T E   0.021 0.021 0.000 0.770 0.027 0.037 0.036 0.088 
 607 Y E   0.024 0.021 0.000 0.798 0.010 0.078 0.051 0.017 
 608 G E   0.024 0.017 0.000 0.734 0.005 0.066 0.086 0.068 
 609 A E   0.028 0.018 0.000 0.688 0.018 0.035 0.048 0.165 
 610 D E   0.026 0.019 0.000 0.586 0.018 0.046 0.048 0.257 
 611 L E   0.037 0.027 0.001 0.472 0.026 0.213 0.065 0.159 
 612 H E   0.035 0.028 0.001 0.317 0.013 0.307 0.161 0.138 
 613 G S   0.029 0.034 0.000 0.231 0.007 0.233 0.376 0.089 
 614 K E   0.024 0.043 0.000 0.286 0.013 0.260 0.236 0.137 
 615 A E   0.025 0.053 0.001 0.383 0.062 0.232 0.155 0.089 
 616 F T   0.014 0.040 0.000 0.337 0.017 0.385 0.092 0.115 
 617 G E   0.003 0.018 0.000 0.328 0.003 0.305 0.245 0.097 
 618 V E   0.001 0.002 0.000 0.700 0.007 0.006 0.019 0.264 
 619 E E   0.001 0.001 0.000 0.959 0.003 0.001 0.008 0.028 
 620 L E   0.000 0.000 0.000 0.979 0.001 0.001 0.002 0.016 
 621 H E   0.000 0.000 0.000 0.979 0.001 0.000 0.002 0.018 
 622 S E   0.000 0.000 0.000 0.983 0.000 0.001 0.002 0.014 
 623 E E   0.000 0.000 0.000 0.983 0.000 0.001 0.003 0.011 
 624 Y E   0.000 0.000 0.000 0.990 0.001 0.000 0.001 0.007 
 625 A E   0.000 0.000 0.000 0.978 0.002 0.000 0.002 0.017 
 626 T E   0.001 0.001 0.000 0.868 0.007 0.006 0.028 0.090 
 627 S E   0.001 0.003 0.000 0.527 0.010 0.028 0.263 0.169 
 628 R S   0.001 0.002 0.000 0.273 0.011 0.027 0.441 0.244 
 629 V L   0.003 0.004 0.000 0.128 0.023 0.022 0.397 0.424 
 630 R L   0.006 0.009 0.000 0.027 0.009 0.019 0.167 0.764 
 631 P L   0.118 0.145 0.000 0.011 0.006 0.196 0.093 0.431 
 632 N L   0.136 0.164 0.000 0.009 0.011 0.217 0.111 0.351 
 633 T L   0.154 0.167 0.000 0.009 0.009 0.063 0.064 0.535 
 634 A H   0.314 0.161 0.000 0.017 0.011 0.194 0.075 0.228 
 635 N H   0.323 0.171 0.000 0.019 0.007 0.220 0.086 0.174 
 636 A H   0.356 0.188 0.000 0.021 0.007 0.086 0.067 0.274 
 637 A L   0.330 0.135 0.000 0.035 0.007 0.051 0.036 0.406 
 638 V L   0.289 0.090 0.000 0.080 0.026 0.064 0.051 0.401 
 639 Q L   0.232 0.033 0.000 0.096 0.024 0.055 0.096 0.464 
 640 T L   0.164 0.029 0.000 0.083 0.018 0.043 0.174 0.488 
 641 S S   0.077 0.042 0.000 0.049 0.004 0.352 0.354 0.121 
 642 N T   0.039 0.038 0.000 0.111 0.004 0.391 0.259 0.159 
 643 A E   0.018 0.010 0.000 0.493 0.008 0.014 0.103 0.354 
 644 F E   0.020 0.003 0.000 0.844 0.005 0.008 0.048 0.071 
 645 Y E   0.022 0.002 0.000 0.912 0.002 0.003 0.008 0.050 
 646 A E   0.024 0.002 0.000 0.911 0.002 0.001 0.005 0.055 
 647 R E   0.028 0.002 0.000 0.884 0.003 0.003 0.006 0.075 
 648 V E   0.031 0.004 0.000 0.750 0.003 0.010 0.025 0.176 
 649 A E   0.031 0.005 0.000 0.611 0.004 0.032 0.068 0.249 
 650 T E   0.030 0.007 0.000 0.569 0.011 0.051 0.146 0.186 
 651 R E   0.029 0.013 0.000 0.507 0.013 0.059 0.130 0.249 
 652 K E   0.034 0.035 0.000 0.424 0.008 0.164 0.211 0.124 
 653 D E   0.024 0.034 0.000 0.413 0.005 0.179 0.192 0.152 
 654 N E   0.019 0.028 0.000 0.555 0.009 0.102 0.066 0.221 
 655 L E   0.018 0.008 0.000 0.754 0.011 0.026 0.037 0.145 
 656 A E   0.013 0.006 0.000 0.819 0.007 0.011 0.025 0.120 
 657 F E   0.009 0.004 0.000 0.814 0.014 0.005 0.020 0.133 
 658 D E   0.005 0.004 0.000 0.668 0.021 0.009 0.019 0.274 
 659 L T   0.005 0.007 0.000 0.199 0.005 0.666 0.039 0.078 
 660 N T   0.006 0.008 0.000 0.087 0.002 0.750 0.070 0.076 
 661 T S   0.023 0.016 0.000 0.128 0.012 0.018 0.503 0.298 
 662 P L   0.234 0.100 0.001 0.183 0.023 0.082 0.066 0.311 
 663 A H   0.256 0.151 0.000 0.250 0.013 0.067 0.076 0.184 
 664 A E   0.265 0.162 0.000 0.345 0.011 0.029 0.021 0.168 
 665 K E   0.269 0.119 0.001 0.378 0.029 0.035 0.024 0.146 
 666 F E   0.155 0.063 0.000 0.281 0.018 0.236 0.060 0.187 
 667 G T   0.038 0.051 0.000 0.141 0.011 0.354 0.067 0.337 
 668 N L   0.032 0.077 0.000 0.079 0.021 0.179 0.126 0.486 
 669 D L   0.029 0.125 0.000 0.058 0.018 0.296 0.168 0.305 
 670 T T   0.024 0.121 0.000 0.056 0.012 0.358 0.213 0.216 
 671 F S   0.014 0.068 0.000 0.074 0.021 0.206 0.329 0.288 
 672 G L   0.004 0.021 0.000 0.122 0.011 0.109 0.206 0.527 
 673 V L   0.007 0.025 0.000 0.401 0.047 0.035 0.040 0.444 
 674 S E   0.006 0.033 0.000 0.528 0.011 0.013 0.043 0.366 
 675 L E   0.007 0.036 0.000 0.716 0.016 0.030 0.066 0.128 
 676 Y E   0.005 0.018 0.000 0.771 0.013 0.017 0.026 0.151 
 677 D E   0.002 0.008 0.000 0.780 0.016 0.003 0.014 0.175 
 678 L E   0.002 0.006 0.000 0.762 0.012 0.004 0.017 0.196 
 679 N E   0.003 0.016 0.000 0.773 0.008 0.020 0.057 0.121 
 680 Y E   0.005 0.025 0.000 0.833 0.010 0.038 0.025 0.063 
 681 R E   0.004 0.030 0.000 0.847 0.007 0.030 0.035 0.048 
 682 K E   0.004 0.024 0.000 0.833 0.009 0.024 0.041 0.065 
 683 I E   0.003 0.011 0.000 0.706 0.043 0.015 0.059 0.163 
 684 D L   0.000 0.003 0.000 0.228 0.018 0.010 0.088 0.653 
 685 A T   0.005 0.027 0.000 0.027 0.004 0.810 0.044 0.082 
 686 G T   0.010 0.035 0.000 0.029 0.004 0.819 0.063 0.040 
 687 Y L   0.017 0.055 0.000 0.145 0.041 0.063 0.162 0.516 
 688 N L   0.022 0.028 0.000 0.190 0.038 0.095 0.153 0.474 
 689 N L   0.017 0.025 0.000 0.251 0.043 0.123 0.167 0.374 
 690 V L   0.024 0.020 0.000 0.283 0.065 0.086 0.169 0.353 
 691 A L   0.027 0.019 0.000 0.233 0.023 0.261 0.158 0.279 
 692 G S   0.020 0.025 0.000 0.209 0.013 0.226 0.261 0.246 
 693 I L   0.044 0.090 0.000 0.271 0.056 0.093 0.122 0.324 
 694 S E   0.051 0.158 0.000 0.292 0.033 0.079 0.098 0.289 
 695 E E   0.056 0.182 0.000 0.275 0.041 0.112 0.090 0.243 
 696 Y L   0.043 0.144 0.000 0.188 0.029 0.161 0.115 0.320 
 697 G L   0.029 0.065 0.000 0.118 0.039 0.125 0.229 0.394 
 698 Y T   0.039 0.067 0.000 0.067 0.030 0.552 0.091 0.155 
 699 G T   0.039 0.058 0.000 0.051 0.010 0.634 0.090 0.117 
 700 S T   0.058 0.053 0.000 0.085 0.030 0.333 0.178 0.262 
 701 Y L   0.073 0.025 0.000 0.165 0.052 0.199 0.176 0.310 
 702 S L   0.078 0.019 0.000 0.230 0.051 0.172 0.145 0.305 
 703 R E   0.089 0.023 0.000 0.261 0.040 0.225 0.123 0.239 
 704 T E   0.089 0.024 0.000 0.258 0.028 0.172 0.191 0.238 
 705 S L   0.103 0.036 0.000 0.237 0.049 0.073 0.203 0.299 
 706 A L   0.114 0.051 0.000 0.166 0.024 0.153 0.157 0.335 
 707 Q L   0.099 0.051 0.000 0.131 0.022 0.202 0.192 0.302 
 708 N L   0.092 0.035 0.000 0.150 0.044 0.108 0.101 0.471 
 709 I L   0.087 0.026 0.000 0.174 0.069 0.134 0.114 0.395 
 710 A L   0.049 0.020 0.000 0.136 0.051 0.264 0.126 0.354 
 711 Y L   0.018 0.016 0.000 0.069 0.042 0.180 0.176 0.498 
 712 N L   0.005 0.008 0.000 0.021 0.027 0.030 0.214 0.695 
 713 P T   0.007 0.055 0.000 0.005 0.007 0.598 0.076 0.252 
 714 D T   0.006 0.055 0.000 0.006 0.010 0.652 0.082 0.189 
 715 T L   0.008 0.059 0.000 0.008 0.026 0.331 0.206 0.362 
 716 G L   0.007 0.029 0.000 0.016 0.024 0.238 0.170 0.516 
 717 V L   0.007 0.029 0.000 0.053 0.069 0.188 0.205 0.447 
 718 T L   0.007 0.025 0.000 0.090 0.089 0.107 0.290 0.390 
 719 A L   0.002 0.013 0.000 0.079 0.019 0.039 0.331 0.518 
 720 P L   0.011 0.017 0.000 0.131 0.037 0.171 0.205 0.427 
 721 F L   0.016 0.019 0.000 0.234 0.070 0.127 0.144 0.390 
 722 A L   0.023 0.021 0.000 0.275 0.080 0.034 0.122 0.446 
 723 N L   0.037 0.024 0.000 0.238 0.069 0.045 0.049 0.539 
 724 L L   0.063 0.053 0.000 0.102 0.030 0.156 0.120 0.477 
 725 D L   0.081 0.079 0.000 0.042 0.016 0.284 0.079 0.418 
 726 R T   0.106 0.095 0.000 0.036 0.013 0.261 0.240 0.249 
 727 Q L   0.108 0.071 0.000 0.110 0.025 0.126 0.097 0.463 
 728 A L   0.090 0.042 0.000 0.270 0.042 0.053 0.078 0.426 
 729 Y E   0.064 0.022 0.000 0.382 0.058 0.055 0.073 0.346 
 730 T L   0.040 0.016 0.000 0.344 0.057 0.030 0.110 0.402 
 731 D L   0.022 0.020 0.000 0.172 0.017 0.042 0.078 0.648 
 732 A L   0.027 0.058 0.000 0.056 0.015 0.162 0.101 0.581 
 733 N L   0.014 0.060 0.000 0.011 0.008 0.137 0.082 0.688 
 734 N L   0.009 0.049 0.000 0.006 0.011 0.104 0.163 0.658 
 735 D L   0.004 0.024 0.000 0.007 0.008 0.117 0.076 0.765 
 736 G L   0.003 0.025 0.000 0.018 0.009 0.056 0.242 0.647 
 737 T L   0.006 0.037 0.000 0.071 0.026 0.075 0.148 0.637 
 738 S L   0.011 0.064 0.000 0.128 0.056 0.065 0.158 0.518 
 739 D L   0.010 0.061 0.000 0.144 0.022 0.042 0.059 0.662 
 740 R L   0.014 0.064 0.000 0.167 0.048 0.102 0.064 0.540 
 741 N L   0.007 0.034 0.000 0.107 0.023 0.092 0.072 0.665 
 742 A L   0.007 0.030 0.000 0.072 0.017 0.114 0.086 0.673 
 743 D L   0.005 0.016 0.000 0.089 0.013 0.220 0.196 0.460 
 744 G L   0.004 0.011 0.000 0.252 0.014 0.092 0.305 0.322 
 745 T E   0.002 0.002 0.000 0.544 0.009 0.005 0.035 0.403 
 746 V E   0.001 0.001 0.000 0.925 0.020 0.002 0.009 0.041 
 747 V E   0.001 0.001 0.000 0.894 0.012 0.003 0.013 0.076 
 748 A E   0.001 0.002 0.000 0.559 0.015 0.016 0.104 0.304 
 749 T S   0.000 0.001 0.000 0.186 0.012 0.022 0.421 0.357 
 750 N S   0.000 0.002 0.000 0.031 0.008 0.041 0.478 0.440 
 751 T S   0.001 0.005 0.000 0.024 0.011 0.045 0.497 0.417 
 752 K S   0.003 0.020 0.000 0.059 0.069 0.077 0.409 0.362 
 753 I T   0.008 0.042 0.000 0.071 0.011 0.688 0.085 0.095 
 754 G T   0.006 0.039 0.000 0.113 0.008 0.630 0.048 0.156 
 755 Q L   0.005 0.018 0.000 0.398 0.057 0.022 0.081 0.418 
 756 M E   0.004 0.012 0.000 0.617 0.061 0.036 0.064 0.206 
 757 G E   0.001 0.011 0.000 0.606 0.013 0.034 0.172 0.162 
 758 F E   0.002 0.012 0.000 0.652 0.013 0.021 0.095 0.204 
 759 G E   0.002 0.007 0.000 0.758 0.004 0.011 0.121 0.098 
 760 V E   0.001 0.004 0.000 0.954 0.006 0.002 0.009 0.023 
 761 K E   0.001 0.003 0.000 0.973 0.005 0.002 0.002 0.014 
 762 A E   0.001 0.004 0.000 0.854 0.013 0.014 0.031 0.082 
 763 A E   0.001 0.005 0.000 0.432 0.004 0.023 0.372 0.163 
 764 A S   0.003 0.011 0.000 0.389 0.012 0.032 0.395 0.158 
 765 N E   0.002 0.014 0.000 0.417 0.020 0.056 0.215 0.275 
 766 L E   0.002 0.015 0.000 0.431 0.133 0.056 0.134 0.227 
 767 G L   0.001 0.009 0.000 0.260 0.017 0.037 0.083 0.592 
 768 P S   0.002 0.010 0.000 0.242 0.003 0.039 0.429 0.275 
 769 V E   0.003 0.013 0.000 0.677 0.017 0.016 0.107 0.167 
 770 A E   0.002 0.018 0.000 0.851 0.006 0.006 0.017 0.100 
 771 I E   0.002 0.019 0.000 0.895 0.004 0.008 0.009 0.062 
 772 G E   0.002 0.016 0.000 0.914 0.003 0.010 0.009 0.047 
 773 G E   0.002 0.009 0.000 0.934 0.001 0.006 0.006 0.041 
 774 Y E   0.002 0.006 0.000 0.960 0.003 0.004 0.005 0.020 
 775 Y E   0.001 0.004 0.000 0.933 0.005 0.003 0.006 0.046 
 776 D E   0.002 0.006 0.000 0.742 0.009 0.013 0.032 0.196 
 777 T E   0.004 0.016 0.000 0.484 0.010 0.082 0.165 0.239 
 778 S E   0.004 0.025 0.000 0.397 0.034 0.101 0.205 0.233 
 779 T L   0.006 0.028 0.000 0.259 0.043 0.096 0.219 0.346 
 780 G L   0.003 0.020 0.000 0.070 0.013 0.097 0.199 0.597 
 781 A L   0.008 0.025 0.000 0.032 0.031 0.196 0.172 0.536 
 782 N T   0.006 0.023 0.000 0.009 0.006 0.589 0.125 0.241 
 783 G T   0.004 0.027 0.000 0.011 0.007 0.522 0.216 0.212 
 784 D L   0.006 0.037 0.000 0.050 0.055 0.104 0.279 0.469 
 785 N L   0.008 0.055 0.000 0.059 0.048 0.076 0.142 0.612 
 786 A L   0.007 0.075 0.000 0.065 0.015 0.077 0.098 0.663 
 787 N L   0.009 0.066 0.000 0.157 0.009 0.071 0.090 0.598 
 788 R E   0.012 0.036 0.000 0.466 0.015 0.046 0.096 0.328 
 789 M E   0.006 0.013 0.000 0.647 0.008 0.012 0.026 0.288 
 790 T E   0.004 0.010 0.000 0.806 0.006 0.005 0.016 0.154 
 791 E E   0.003 0.010 0.000 0.902 0.007 0.011 0.030 0.037 
 792 A E   0.002 0.009 0.000 0.890 0.002 0.020 0.041 0.036 
 793 G E   0.001 0.007 0.000 0.880 0.002 0.014 0.036 0.062 
 794 G E   0.000 0.004 0.000 0.920 0.002 0.005 0.018 0.051 
 795 S E   0.000 0.002 0.000 0.955 0.002 0.003 0.010 0.028 
 796 A E   0.000 0.001 0.000 0.946 0.002 0.001 0.008 0.041 
 797 K E   0.000 0.001 0.000 0.921 0.004 0.002 0.016 0.056 
 798 V E   0.000 0.002 0.000 0.826 0.007 0.005 0.053 0.107 
 799 A E   0.000 0.006 0.000 0.683 0.003 0.015 0.129 0.164 
 800 Y E   0.002 0.020 0.000 0.714 0.007 0.029 0.110 0.117 
 801 S E   0.004 0.026 0.000 0.772 0.004 0.022 0.061 0.111 
 802 I E   0.006 0.025 0.000 0.852 0.003 0.014 0.045 0.055 
 803 F E   0.006 0.017 0.000 0.900 0.003 0.007 0.015 0.052 
 804 S E   0.006 0.012 0.000 0.919 0.003 0.003 0.006 0.050 
 805 L E   0.005 0.009 0.000 0.893 0.004 0.005 0.014 0.070 
 806 R E   0.007 0.008 0.000 0.771 0.007 0.020 0.037 0.149 
 807 G E   0.023 0.013 0.000 0.462 0.004 0.060 0.242 0.197 
 808 T E   0.069 0.020 0.000 0.379 0.008 0.053 0.153 0.319 
 809 Y E   0.286 0.048 0.000 0.407 0.010 0.057 0.076 0.117 
 810 N E   0.320 0.056 0.000 0.399 0.010 0.033 0.055 0.127 
 811 T E   0.328 0.069 0.000 0.364 0.005 0.035 0.014 0.184 
 812 L E   0.327 0.062 0.000 0.340 0.024 0.076 0.031 0.141 
 813 D L   0.210 0.057 0.000 0.187 0.025 0.079 0.038 0.404 
 814 S T   0.051 0.034 0.000 0.021 0.004 0.664 0.122 0.103 
 815 N T   0.008 0.018 0.000 0.004 0.001 0.727 0.167 0.075 
 816 R S   0.001 0.006 0.000 0.027 0.009 0.010 0.656 0.291 
 817 P L   0.001 0.002 0.000 0.075 0.010 0.008 0.081 0.824 
 818 Q E   0.004 0.005 0.000 0.440 0.016 0.012 0.082 0.440 
 819 I E   0.006 0.006 0.000 0.866 0.010 0.007 0.014 0.091 
 820 Y E   0.006 0.007 0.000 0.920 0.005 0.009 0.016 0.037 
 821 R E   0.005 0.005 0.000 0.857 0.008 0.014 0.041 0.070 
 822 D L   0.002 0.005 0.000 0.397 0.007 0.034 0.099 0.456 
 823 A T   0.005 0.027 0.000 0.156 0.004 0.459 0.134 0.214 
 824 A T   0.006 0.031 0.000 0.153 0.008 0.524 0.193 0.085 
 825 G S   0.006 0.031 0.000 0.263 0.007 0.134 0.325 0.234 
 826 T L   0.004 0.006 0.000 0.409 0.009 0.015 0.048 0.510 
 827 Q E   0.005 0.005 0.000 0.867 0.030 0.007 0.020 0.067 
 828 I E   0.004 0.004 0.000 0.876 0.010 0.008 0.017 0.081 
 829 I E   0.003 0.008 0.000 0.727 0.008 0.036 0.072 0.146 
 830 G E   0.002 0.014 0.000 0.470 0.010 0.054 0.229 0.222 
 831 D L   0.003 0.043 0.000 0.202 0.012 0.065 0.090 0.586 
 832 A T   0.006 0.070 0.000 0.101 0.002 0.424 0.312 0.084 
 833 K T   0.006 0.054 0.000 0.236 0.009 0.400 0.118 0.178 
 834 V E   0.003 0.026 0.000 0.458 0.011 0.020 0.047 0.435 
 835 R E   0.002 0.003 0.000 0.685 0.005 0.008 0.046 0.251 
 836 R E   0.001 0.002 0.000 0.906 0.006 0.004 0.019 0.062 
 837 Y E   0.001 0.001 0.000 0.936 0.002 0.001 0.010 0.050 
 838 A E   0.001 0.001 0.000 0.954 0.001 0.001 0.006 0.036 
 839 V E   0.001 0.001 0.000 0.964 0.002 0.001 0.003 0.028 
 840 Q E   0.000 0.001 0.000 0.911 0.003 0.002 0.006 0.077 
 841 A E   0.000 0.002 0.000 0.723 0.006 0.006 0.046 0.217 
 842 D E   0.001 0.003 0.000 0.427 0.010 0.021 0.178 0.360 
 843 V L   0.001 0.003 0.000 0.304 0.032 0.012 0.308 0.341 
 844 T S   0.001 0.004 0.000 0.158 0.032 0.032 0.395 0.379 
 845 P T   0.004 0.024 0.000 0.030 0.004 0.702 0.157 0.079 
 846 G T   0.004 0.025 0.000 0.039 0.004 0.724 0.092 0.112 
 847 L T   0.009 0.030 0.000 0.162 0.014 0.477 0.112 0.195 
 848 G E   0.004 0.003 0.000 0.345 0.008 0.164 0.134 0.341 
 849 L E   0.001 0.001 0.000 0.726 0.007 0.007 0.039 0.219 
 850 F E   0.001 0.000 0.000 0.963 0.003 0.001 0.004 0.028 
 851 V E   0.001 0.000 0.000 0.977 0.001 0.001 0.003 0.017 
 852 G E   0.000 0.000 0.000 0.954 0.001 0.001 0.005 0.039 
 853 A E   0.000 0.001 0.000 0.938 0.002 0.004 0.010 0.045 
 854 Y E   0.000 0.002 0.000 0.926 0.002 0.008 0.025 0.037 
 855 Y E   0.000 0.002 0.000 0.920 0.003 0.008 0.029 0.038 
 856 R E   0.000 0.001 0.000 0.859 0.002 0.008 0.061 0.069 
 857 D E   0.001 0.001 0.000 0.849 0.005 0.005 0.047 0.091 
 858 V E   0.001 0.001 0.000 0.852 0.009 0.001 0.011 0.124 
 859 N E   0.001 0.003 0.000 0.804 0.012 0.003 0.008 0.168 
 860 V E   0.002 0.014 0.000 0.639 0.031 0.198 0.043 0.073 
 861 N T   0.002 0.011 0.000 0.107 0.004 0.776 0.054 0.045 
 862 G T   0.003 0.011 0.000 0.076 0.001 0.612 0.181 0.115 
 863 V E   0.009 0.005 0.000 0.586 0.038 0.026 0.064 0.271 
 864 R E   0.010 0.004 0.000 0.707 0.044 0.007 0.026 0.203 
 865 S E   0.010 0.009 0.000 0.666 0.026 0.017 0.055 0.217 
 866 T E   0.015 0.014 0.000 0.540 0.032 0.042 0.105 0.253 
 867 T L   0.022 0.019 0.000 0.262 0.014 0.066 0.190 0.427 
 868 D L   0.033 0.025 0.000 0.129 0.018 0.114 0.142 0.538 
 869 R L   0.066 0.056 0.000 0.098 0.024 0.269 0.111 0.376 
 870 G T   0.072 0.075 0.000 0.103 0.022 0.274 0.225 0.228 
 871 L T   0.088 0.106 0.000 0.119 0.032 0.339 0.158 0.158 
 872 L T   0.071 0.096 0.000 0.103 0.034 0.309 0.149 0.238 
 873 G L   0.041 0.075 0.000 0.076 0.016 0.138 0.176 0.478 
 874 R L   0.040 0.057 0.000 0.137 0.025 0.175 0.161 0.405 
 875 G E   0.041 0.035 0.000 0.328 0.039 0.116 0.141 0.299 
 876 Y E   0.050 0.032 0.000 0.457 0.067 0.074 0.116 0.203 
 877 L E   0.052 0.038 0.000 0.431 0.025 0.093 0.174 0.189 
 878 A E   0.063 0.069 0.000 0.358 0.034 0.115 0.151 0.209 
 879 S E   0.056 0.085 0.000 0.273 0.025 0.121 0.182 0.259 
 880 S L   0.036 0.075 0.000 0.188 0.032 0.154 0.180 0.334 
 881 F L   0.019 0.038 0.000 0.131 0.035 0.086 0.328 0.363 
 882 E S   0.006 0.012 0.000 0.090 0.025 0.039 0.463 0.366 
 883 P T   0.010 0.028 0.000 0.093 0.016 0.634 0.068 0.151 
 884 G T   0.009 0.039 0.000 0.127 0.023 0.604 0.036 0.162 
 885 V L   0.017 0.076 0.000 0.171 0.089 0.129 0.178 0.339 
 886 G L   0.020 0.084 0.000 0.134 0.042 0.147 0.121 0.451 
 887 N L   0.026 0.104 0.000 0.089 0.021 0.185 0.254 0.321 
 888 N L   0.044 0.100 0.000 0.136 0.030 0.144 0.151 0.394 
 889 A L   0.068 0.101 0.000 0.258 0.034 0.129 0.119 0.291 
 890 Y E   0.076 0.102 0.000 0.392 0.069 0.134 0.056 0.171 
 891 R E   0.071 0.092 0.000 0.372 0.078 0.077 0.027 0.283 
 892 T T   0.046 0.057 0.000 0.158 0.038 0.384 0.071 0.246 
 893 G T   0.016 0.022 0.000 0.054 0.006 0.476 0.261 0.165 
 894 L L   0.025 0.014 0.000 0.120 0.054 0.129 0.259 0.398 
 895 R L   0.029 0.017 0.000 0.204 0.162 0.079 0.105 0.403 
 896 C L   0.030 0.047 0.000 0.166 0.095 0.130 0.121 0.411 
 897 A T   0.028 0.093 0.000 0.108 0.047 0.363 0.156 0.205 
 898 D T   0.025 0.091 0.000 0.063 0.030 0.504 0.159 0.127 
 899 N T   0.016 0.077 0.000 0.040 0.032 0.420 0.226 0.189 
 900 N L   0.009 0.039 0.000 0.038 0.036 0.192 0.319 0.368 
 901 F T   0.008 0.029 0.000 0.063 0.068 0.379 0.183 0.269 
 902 G T   0.005 0.019 0.000 0.118 0.067 0.342 0.177 0.271 
 903 T L   0.008 0.022 0.000 0.169 0.095 0.200 0.176 0.330 
 904 G L   0.012 0.025 0.000 0.187 0.067 0.173 0.180 0.357 
 905 T L   0.011 0.027 0.000 0.178 0.078 0.141 0.222 0.343 
 906 R L   0.010 0.021 0.000 0.140 0.074 0.121 0.242 0.393 
 907 D L   0.004 0.012 0.000 0.101 0.043 0.047 0.191 0.602 
 908 I T   0.012 0.025 0.000 0.109 0.079 0.368 0.104 0.303 
 909 D T   0.009 0.027 0.000 0.087 0.033 0.556 0.089 0.200 
 910 G L   0.006 0.028 0.000 0.095 0.032 0.241 0.284 0.315 
 911 V L   0.016 0.030 0.000 0.135 0.093 0.228 0.144 0.352 
 912 G L   0.015 0.047 0.000 0.201 0.057 0.221 0.144 0.315 
 913 G E   0.015 0.052 0.000 0.346 0.062 0.072 0.137 0.316 
 914 V E   0.016 0.041 0.000 0.430 0.087 0.097 0.234 0.095 
 915 L S   0.006 0.012 0.000 0.327 0.038 0.057 0.372 0.188 
 916 N L   0.001 0.004 0.000 0.122 0.008 0.015 0.143 0.707 
 917 P L   0.019 0.012 0.000 0.170 0.021 0.070 0.148 0.560 
 918 A E   0.032 0.018 0.000 0.392 0.072 0.064 0.112 0.310 
 919 V E   0.036 0.026 0.000 0.442 0.049 0.044 0.128 0.276 
 920 N L   0.031 0.025 0.000 0.353 0.031 0.066 0.080 0.414 
 921 L L   0.031 0.069 0.000 0.163 0.024 0.141 0.108 0.465 
 922 D L   0.026 0.127 0.000 0.037 0.008 0.146 0.084 0.572 
 923 Q L   0.035 0.192 0.000 0.019 0.008 0.209 0.185 0.352 
 924 S L   0.026 0.156 0.000 0.031 0.011 0.136 0.107 0.533 
 925 R L   0.022 0.093 0.000 0.089 0.037 0.066 0.123 0.570 
 926 T L   0.011 0.023 0.000 0.159 0.021 0.094 0.193 0.499 
 927 A L   0.006 0.013 0.000 0.268 0.016 0.032 0.157 0.507 
 928 T E   0.005 0.011 0.000 0.463 0.009 0.015 0.126 0.371 
 929 C E   0.003 0.009 0.000 0.746 0.011 0.013 0.103 0.115 
 930 F E   0.002 0.007 0.000 0.856 0.019 0.005 0.032 0.080 
 931 T E   0.001 0.005 0.000 0.824 0.006 0.004 0.034 0.126 
 932 S E   0.001 0.005 0.000 0.809 0.004 0.015 0.115 0.051 
 933 Y E   0.001 0.004 0.000 0.837 0.004 0.021 0.098 0.035 
 934 G E   0.001 0.002 0.000 0.899 0.003 0.009 0.038 0.049 
 935 V E   0.000 0.001 0.000 0.981 0.003 0.001 0.003 0.011 
 936 E E   0.000 0.000 0.000 0.988 0.001 0.000 0.001 0.008 
 937 A E   0.001 0.001 0.000 0.928 0.005 0.003 0.010 0.051 
 938 G E   0.001 0.002 0.000 0.648 0.009 0.013 0.138 0.190 
 939 H E   0.004 0.009 0.000 0.426 0.027 0.023 0.351 0.160 
 940 A S   0.013 0.055 0.000 0.056 0.005 0.125 0.416 0.329 
 941 G G   0.068 0.310 0.000 0.004 0.003 0.145 0.294 0.175 
 942 D G   0.078 0.440 0.001 0.003 0.008 0.059 0.254 0.158 
 943 N G   0.084 0.547 0.000 0.002 0.006 0.059 0.075 0.228 
 944 A G   0.116 0.631 0.000 0.001 0.003 0.115 0.035 0.099 
 945 N G   0.106 0.643 0.000 0.001 0.003 0.105 0.033 0.109 
 946 A G   0.114 0.563 0.001 0.006 0.002 0.205 0.036 0.073 
 947 L T   0.127 0.233 0.002 0.077 0.027 0.441 0.061 0.034 
 948 V L   0.089 0.040 0.001 0.165 0.167 0.089 0.129 0.320 
 949 K T   0.036 0.040 0.001 0.102 0.020 0.579 0.066 0.156 
 950 D T   0.013 0.044 0.000 0.106 0.004 0.640 0.074 0.118 
 951 L E   0.007 0.033 0.000 0.417 0.011 0.064 0.056 0.411 
 952 F E   0.003 0.005 0.000 0.769 0.006 0.015 0.051 0.151 
 953 F E   0.001 0.001 0.000 0.962 0.002 0.002 0.004 0.029 
 954 R E   0.000 0.000 0.000 0.990 0.000 0.000 0.001 0.008 
 955 V E   0.000 0.000 0.000 0.991 0.001 0.001 0.002 0.006 
 956 G E   0.000 0.000 0.000 0.963 0.001 0.001 0.009 0.025 
 957 Y E   0.000 0.001 0.000 0.952 0.001 0.002 0.010 0.034 
 958 S E   0.000 0.000 0.000 0.963 0.001 0.002 0.007 0.027 
 959 R E   0.000 0.000 0.000 0.982 0.001 0.001 0.003 0.012 
 960 V E   0.000 0.001 0.000 0.956 0.002 0.002 0.004 0.035 
 961 Y E   0.000 0.001 0.000 0.829 0.008 0.005 0.029 0.127 
 962 V E   0.001 0.004 0.000 0.425 0.013 0.048 0.121 0.388 
 963 P L   0.005 0.018 0.000 0.075 0.005 0.312 0.103 0.482 
 964 T T   0.017 0.036 0.000 0.060 0.006 0.397 0.210 0.273 
 965 T T   0.039 0.047 0.000 0.182 0.039 0.255 0.246 0.193 
 966 A L   0.039 0.043 0.000 0.228 0.019 0.174 0.151 0.345 
 967 T E   0.032 0.042 0.000 0.298 0.016 0.235 0.144 0.234 
 968 A E   0.018 0.033 0.000 0.385 0.035 0.243 0.071 0.214 
 969 T E   0.009 0.022 0.000 0.358 0.035 0.145 0.092 0.338 
 970 T L   0.003 0.008 0.000 0.280 0.019 0.044 0.215 0.431 
 971 G S   0.002 0.009 0.000 0.245 0.028 0.020 0.380 0.316 
 972 D L   0.001 0.014 0.000 0.223 0.013 0.039 0.314 0.395 
 973 F E   0.004 0.025 0.000 0.337 0.032 0.130 0.152 0.320 
 974 S E   0.006 0.025 0.000 0.410 0.056 0.193 0.094 0.216 
 975 G E   0.001 0.010 0.000 0.369 0.009 0.055 0.338 0.220 
 976 S L   0.001 0.004 0.000 0.432 0.008 0.009 0.098 0.449 
 977 V E   0.001 0.003 0.000 0.943 0.008 0.002 0.012 0.030 
 978 T E   0.000 0.003 0.000 0.979 0.002 0.001 0.004 0.011 
 979 Y E   0.001 0.004 0.000 0.955 0.004 0.006 0.011 0.018 
 980 G E   0.001 0.004 0.000 0.769 0.004 0.016 0.119 0.088 
 981 D E   0.001 0.010 0.000 0.646 0.008 0.021 0.126 0.188 
 982 A E   0.005 0.024 0.000 0.611 0.012 0.062 0.083 0.202 
 983 R E   0.006 0.026 0.000 0.566 0.017 0.078 0.174 0.132 
 984 Y E   0.009 0.025 0.000 0.477 0.019 0.081 0.249 0.141 
 985 D E   0.003 0.011 0.000 0.304 0.003 0.109 0.296 0.273 
 986 R E   0.005 0.011 0.000 0.429 0.010 0.060 0.197 0.287 
 987 K E   0.007 0.012 0.000 0.690 0.021 0.037 0.060 0.173 
 988 V E   0.005 0.012 0.000 0.766 0.008 0.103 0.045 0.059 
 989 G E   0.003 0.009 0.000 0.783 0.004 0.088 0.060 0.052 
 990 V E   0.002 0.005 0.000 0.841 0.004 0.012 0.050 0.086 
 991 A E   0.001 0.003 0.000 0.905 0.002 0.003 0.019 0.068 
 992 N E   0.000 0.002 0.000 0.967 0.001 0.003 0.008 0.018 
 993 V E   0.000 0.001 0.000 0.976 0.001 0.001 0.003 0.018 
 994 R E   0.000 0.000 0.000 0.975 0.000 0.001 0.002 0.022 
 995 L E   0.000 0.000 0.000 0.974 0.001 0.001 0.003 0.021 
 996 A E   0.000 0.000 0.000 0.962 0.000 0.001 0.007 0.029 
 997 G E   0.000 0.000 0.000 0.971 0.001 0.001 0.004 0.023 
 998 S E   0.000 0.000 0.000 0.964 0.001 0.001 0.002 0.031 
 999 F E   0.001 0.001 0.000 0.909 0.003 0.002 0.006 0.079 
1000 S E   0.001 0.003 0.000 0.661 0.011 0.007 0.058 0.259 
1001 T L   0.001 0.007 0.000 0.274 0.007 0.032 0.139 0.539 
1002 T L   0.008 0.018 0.000 0.187 0.043 0.142 0.185 0.418 
1003 N L   0.005 0.016 0.000 0.082 0.012 0.122 0.271 0.491 
1004 T L   0.006 0.017 0.000 0.076 0.014 0.105 0.339 0.443 
1005 Q L   0.005 0.013 0.000 0.105 0.018 0.134 0.097 0.628 
1006 L L   0.007 0.022 0.000 0.113 0.055 0.097 0.063 0.643 
1007 D L   0.004 0.015 0.000 0.076 0.017 0.118 0.173 0.596 
1008 S L   0.003 0.014 0.000 0.043 0.014 0.099 0.410 0.417 
1009 R L   0.001 0.005 0.000 0.033 0.017 0.011 0.276 0.656 
1010 P L   0.002 0.005 0.000 0.029 0.012 0.017 0.022 0.914 
1011 A T   0.002 0.007 0.000 0.037 0.005 0.637 0.073 0.238 
1012 G T   0.002 0.005 0.000 0.126 0.004 0.604 0.061 0.198 
1013 T L   0.001 0.003 0.000 0.377 0.010 0.006 0.121 0.482 
1014 R E   0.001 0.002 0.000 0.820 0.010 0.007 0.036 0.124 
1015 G E   0.000 0.002 0.000 0.916 0.002 0.003 0.011 0.065 
1016 A E   0.000 0.002 0.000 0.943 0.001 0.001 0.011 0.041 
1017 V E   0.000 0.001 0.000 0.961 0.001 0.002 0.009 0.026 
1018 G E   0.000 0.001 0.000 0.968 0.001 0.002 0.005 0.023 
1019 L E   0.000 0.000 0.000 0.982 0.000 0.000 0.001 0.015 
1020 I E   0.000 0.000 0.000 0.987 0.001 0.000 0.002 0.009 
1021 V E   0.000 0.000 0.000 0.949 0.002 0.001 0.004 0.042 
1022 R E   0.001 0.001 0.000 0.788 0.008 0.003 0.025 0.174 
1023 T E   0.001 0.002 0.000 0.513 0.020 0.008 0.221 0.234 
1024 D L   0.003 0.012 0.000 0.207 0.023 0.024 0.181 0.551 
1025 P L   0.023 0.090 0.000 0.068 0.018 0.168 0.113 0.520 
1026 L L   0.028 0.133 0.000 0.042 0.058 0.148 0.168 0.422 
1027 E S   0.021 0.131 0.000 0.010 0.006 0.313 0.317 0.202 
1028 N T   0.009 0.058 0.000 0.017 0.010 0.401 0.297 0.208 
1029 V L   0.005 0.020 0.000 0.078 0.082 0.040 0.357 0.418 
1030 P L   0.003 0.010 0.000 0.109 0.025 0.275 0.209 0.370 
1031 F L   0.002 0.009 0.000 0.161 0.088 0.247 0.157 0.337 
1032 R L   0.001 0.003 0.000 0.146 0.038 0.003 0.070 0.738 
1033 P L   0.000 0.002 0.000 0.137 0.002 0.004 0.010 0.845 
1034 Q E   0.001 0.002 0.000 0.747 0.008 0.007 0.055 0.180 
1035 F E   0.000 0.000 0.000 0.968 0.002 0.001 0.004 0.024 
1036 N E   0.000 0.000 0.000 0.984 0.000 0.000 0.001 0.014 
1037 G E   0.000 0.000 0.000 0.991 0.000 0.000 0.001 0.008 
1038 Q E   0.000 0.000 0.000 0.988 0.000 0.001 0.002 0.009 
1039 V E   0.000 0.000 0.000 0.979 0.000 0.001 0.002 0.017 
1040 G E   0.000 0.000 0.000 0.972 0.000 0.001 0.005 0.022 
1041 Y E   0.001 0.001 0.000 0.983 0.001 0.002 0.004 0.010 
1042 Y E   0.001 0.001 0.000 0.973 0.001 0.001 0.002 0.021 
1043 T E   0.003 0.004 0.000 0.895 0.005 0.006 0.010 0.077 
1044 A E   0.011 0.016 0.000 0.622 0.009 0.064 0.091 0.188 
1045 D E   0.021 0.027 0.000 0.354 0.011 0.059 0.246 0.282 
1046 N L   0.045 0.041 0.000 0.228 0.011 0.064 0.302 0.310 
1047 R L   0.083 0.055 0.000 0.199 0.012 0.135 0.189 0.327 
1048 V L   0.103 0.072 0.000 0.223 0.032 0.139 0.142 0.288 
1049 A L   0.097 0.080 0.000 0.191 0.022 0.113 0.122 0.374 
1050 A L   0.086 0.088 0.000 0.125 0.019 0.280 0.096 0.307 
1051 G T   0.039 0.067 0.000 0.072 0.005 0.422 0.205 0.190 
1052 N L   0.018 0.041 0.000 0.106 0.009 0.255 0.233 0.339 
1053 Y L   0.017 0.021 0.000 0.272 0.059 0.047 0.169 0.415 
1054 N L   0.011 0.018 0.000 0.297 0.025 0.026 0.069 0.554 
1055 A L   0.019 0.037 0.000 0.323 0.013 0.174 0.080 0.354 
1056 N E   0.013 0.029 0.000 0.364 0.008 0.198 0.114 0.273 
1057 A E   0.010 0.023 0.000 0.476 0.014 0.027 0.062 0.388 
1058 T E   0.007 0.012 0.000 0.606 0.004 0.008 0.045 0.318 
1059 K E   0.007 0.010 0.000 0.874 0.007 0.011 0.028 0.063 
1060 Y E   0.004 0.007 0.000 0.924 0.006 0.007 0.013 0.038 
1061 G E   0.002 0.005 0.000 0.871 0.004 0.003 0.021 0.095 
1062 A E   0.002 0.004 0.000 0.779 0.004 0.012 0.050 0.148 
1063 G E   0.001 0.002 0.000 0.734 0.001 0.016 0.137 0.109 
1064 V E   0.001 0.002 0.000 0.885 0.006 0.002 0.016 0.087 
1065 V E   0.002 0.004 0.000 0.934 0.004 0.001 0.008 0.047 
1066 L E   0.006 0.026 0.000 0.859 0.009 0.009 0.013 0.078 
1067 N L   0.013 0.089 0.000 0.235 0.002 0.018 0.019 0.624 
1068 D L   0.031 0.179 0.000 0.260 0.008 0.105 0.152 0.264 
1069 F E   0.031 0.154 0.000 0.388 0.014 0.228 0.076 0.109 
1070 L E   0.020 0.103 0.000 0.416 0.044 0.238 0.099 0.081 
1071 L L   0.002 0.013 0.000 0.273 0.027 0.086 0.258 0.341 
1072 P T   0.002 0.009 0.000 0.063 0.005 0.780 0.102 0.039 
1073 Q T   0.002 0.006 0.000 0.065 0.002 0.797 0.076 0.053 
1074 T L   0.000 0.002 0.000 0.368 0.006 0.009 0.025 0.590 
1075 K E   0.000 0.000 0.000 0.881 0.007 0.002 0.011 0.098 
1076 I E   0.000 0.000 0.000 0.974 0.001 0.000 0.002 0.022 
1077 G E   0.000 0.000 0.000 0.982 0.000 0.000 0.001 0.017 
1078 V E   0.000 0.000 0.000 0.991 0.000 0.000 0.001 0.007 
1079 R E   0.000 0.000 0.000 0.981 0.001 0.000 0.001 0.017 
1080 Y E   0.001 0.001 0.000 0.917 0.003 0.005 0.010 0.063 
1081 D E   0.005 0.008 0.000 0.629 0.004 0.213 0.081 0.060 
1082 G E   0.006 0.007 0.000 0.596 0.004 0.211 0.100 0.075 
1083 Y E   0.011 0.007 0.000 0.700 0.023 0.043 0.037 0.179 
1084 M E   0.013 0.007 0.000 0.700 0.041 0.036 0.037 0.167 
1085 A E   0.015 0.011 0.000 0.601 0.027 0.048 0.043 0.254 
1086 Q E   0.019 0.019 0.000 0.514 0.050 0.094 0.153 0.152 
1087 N E   0.008 0.022 0.000 0.386 0.017 0.132 0.268 0.168 
1088 R E   0.005 0.026 0.000 0.366 0.032 0.164 0.101 0.307 
1089 Q E   0.005 0.023 0.000 0.373 0.070 0.156 0.131 0.242 
1090 Y S   0.002 0.010 0.000 0.272 0.056 0.039 0.343 0.278 
1091 T L   0.001 0.006 0.000 0.095 0.016 0.027 0.144 0.711 
1092 P L   0.002 0.011 0.000 0.088 0.025 0.131 0.302 0.441 
1093 F L   0.005 0.013 0.000 0.178 0.132 0.174 0.141 0.358 
1094 D L   0.004 0.022 0.000 0.179 0.052 0.194 0.165 0.384 
1095 G S   0.003 0.016 0.000 0.173 0.047 0.222 0.287 0.252 
1096 D L   0.004 0.020 0.000 0.178 0.063 0.154 0.236 0.346 
1097 G L   0.003 0.019 0.000 0.193 0.033 0.047 0.340 0.364 
1098 T L   0.007 0.024 0.000 0.266 0.091 0.064 0.208 0.341 
1099 Q E   0.007 0.032 0.000 0.288 0.054 0.162 0.202 0.256 
1100 G E   0.006 0.029 0.000 0.308 0.041 0.175 0.135 0.305 
1101 Y E   0.006 0.023 0.000 0.348 0.037 0.131 0.240 0.215 
1102 F E   0.006 0.016 0.000 0.374 0.072 0.119 0.211 0.201 
1103 S L   0.002 0.007 0.000 0.298 0.060 0.027 0.169 0.437 
1104 D L   0.001 0.006 0.000 0.154 0.056 0.023 0.188 0.572 
1105 A T   0.004 0.049 0.000 0.029 0.008 0.666 0.123 0.120 
1106 N T   0.003 0.045 0.000 0.013 0.006 0.702 0.099 0.132 
1107 N T   0.003 0.045 0.000 0.015 0.008 0.463 0.160 0.306 
1108 N L   0.002 0.006 0.000 0.095 0.015 0.258 0.082 0.542 
1109 R E   0.002 0.005 0.000 0.461 0.025 0.031 0.070 0.406 
1110 R E   0.002 0.004 0.000 0.770 0.008 0.011 0.043 0.161 
1111 T E   0.001 0.003 0.000 0.912 0.003 0.003 0.012 0.067 
1112 N E   0.000 0.001 0.000 0.966 0.002 0.001 0.004 0.026 
1113 L E   0.000 0.001 0.000 0.962 0.002 0.001 0.004 0.030 
1114 N E   0.000 0.000 0.000 0.915 0.001 0.002 0.016 0.066 
1115 G E   0.000 0.000 0.000 0.956 0.001 0.002 0.013 0.028 
1116 V E   0.000 0.000 0.000 0.990 0.000 0.001 0.002 0.006 
1117 Y E   0.000 0.000 0.000 0.993 0.000 0.000 0.001 0.005 
1118 V E   0.000 0.000 0.000 0.993 0.000 0.000 0.001 0.006 
1119 E E   0.000 0.001 0.000 0.981 0.001 0.001 0.002 0.015 
1120 G E   0.001 0.005 0.000 0.920 0.002 0.010 0.021 0.042 
1121 A E   0.002 0.029 0.000 0.778 0.002 0.064 0.066 0.059 
1122 Y E   0.004 0.068 0.000 0.710 0.003 0.111 0.076 0.028 
1123 Q E   0.004 0.070 0.000 0.664 0.002 0.178 0.060 0.023 
1124 D E   0.002 0.048 0.000 0.688 0.002 0.165 0.062 0.034 
1125 L E   0.001 0.006 0.000 0.881 0.002 0.008 0.011 0.091 
1126 I E   0.000 0.001 0.000 0.969 0.001 0.001 0.003 0.026 
1127 F E   0.000 0.000 0.000 0.983 0.000 0.000 0.002 0.014 
1128 S E   0.000 0.000 0.000 0.985 0.000 0.000 0.003 0.011 
1129 Y E   0.000 0.000 0.000 0.982 0.000 0.001 0.005 0.011 
1130 G E   0.000 0.001 0.000 0.975 0.000 0.002 0.006 0.016 
1131 T E   0.000 0.001 0.000 0.980 0.000 0.001 0.004 0.014 
1132 Y E   0.001 0.001 0.000 0.982 0.001 0.001 0.002 0.013 
1133 T E   0.002 0.002 0.000 0.949 0.003 0.001 0.003 0.040 
1134 L E   0.005 0.014 0.000 0.710 0.004 0.044 0.028 0.193 
1135 S E   0.011 0.037 0.000 0.485 0.012 0.138 0.149 0.168 
1136 Q E   0.012 0.054 0.000 0.312 0.015 0.134 0.205 0.268 
1137 K L   0.012 0.066 0.000 0.186 0.016 0.164 0.255 0.301 
1138 D L   0.009 0.064 0.000 0.124 0.038 0.153 0.118 0.494 
1139 L T   0.012 0.061 0.000 0.054 0.018 0.415 0.135 0.304 
1140 N T   0.005 0.033 0.000 0.036 0.007 0.488 0.157 0.274 
1141 G S   0.007 0.019 0.000 0.108 0.022 0.052 0.402 0.390 
1142 V L   0.009 0.009 0.000 0.276 0.025 0.014 0.109 0.557 
1143 E E   0.012 0.018 0.000 0.644 0.083 0.033 0.029 0.179 
1144 Y E   0.014 0.022 0.000 0.679 0.033 0.178 0.023 0.051 
1145 G E   0.010 0.019 0.000 0.569 0.011 0.243 0.059 0.089 
1146 S E   0.014 0.017 0.000 0.455 0.019 0.112 0.105 0.277 
1147 G E   0.016 0.027 0.000 0.430 0.034 0.123 0.119 0.250 
1148 I E   0.018 0.051 0.000 0.417 0.047 0.171 0.111 0.185 
1149 N E   0.015 0.064 0.000 0.303 0.051 0.276 0.097 0.194 
1150 N T   0.005 0.046 0.000 0.082 0.008 0.353 0.171 0.334 
1151 G L   0.001 0.018 0.000 0.053 0.017 0.158 0.356 0.396 
1152 Q L   0.001 0.005 0.000 0.078 0.042 0.018 0.257 0.600 
1153 P L   0.002 0.012 0.000 0.101 0.035 0.023 0.121 0.706 
1154 A L   0.006 0.052 0.000 0.190 0.033 0.134 0.215 0.370 
1155 R E   0.008 0.056 0.000 0.350 0.024 0.316 0.105 0.141 
1156 G E   0.005 0.042 0.000 0.406 0.018 0.204 0.057 0.267 
1157 Q E   0.002 0.012 0.000 0.513 0.021 0.015 0.055 0.383 
1158 T E   0.001 0.004 0.000 0.714 0.009 0.006 0.024 0.243 
1159 F E   0.000 0.001 0.000 0.881 0.005 0.003 0.011 0.099 
1160 K E   0.000 0.000 0.000 0.949 0.003 0.001 0.004 0.043 
1161 I E   0.000 0.000 0.000 0.960 0.001 0.000 0.002 0.036 
1162 S E   0.000 0.000 0.000 0.960 0.001 0.000 0.002 0.036 
1163 Y E   0.000 0.000 0.000 0.960 0.001 0.000 0.002 0.036 
1164 K E   0.000 0.000 0.000 0.953 0.001 0.000 0.002 0.043 
1165 V E   0.000 0.001 0.000 0.951 0.002 0.001 0.006 0.040 
1166 N E   0.000 0.000 0.000 0.823 0.017 0.003 0.001 0.156 
1167 F L   0.000 0.000 0.000 0.002 0.000 0.000 0.000 0.998 
