#DeepConCNF_SS8: eight-class secondary structure prediction results 
#probabilities are in the order of H G I E B T S L(loops), the 8 secondary structure types used in DSSP 
   1 M L   0.003 0.000 0.000 0.000 0.000 0.001 0.001 0.994 
   2 K H   0.614 0.003 0.000 0.001 0.001 0.017 0.001 0.363 
   3 K H   0.947 0.002 0.000 0.001 0.000 0.010 0.004 0.036 
   4 R H   0.975 0.003 0.000 0.000 0.000 0.005 0.004 0.013 
   5 L H   0.989 0.002 0.000 0.000 0.000 0.004 0.001 0.005 
   6 V H   0.995 0.000 0.000 0.000 0.000 0.002 0.001 0.002 
   7 T H   0.996 0.000 0.000 0.000 0.000 0.002 0.000 0.002 
   8 L H   0.996 0.000 0.000 0.000 0.000 0.001 0.000 0.002 
   9 L H   0.995 0.000 0.000 0.000 0.000 0.002 0.000 0.002 
  10 A H   0.995 0.000 0.000 0.000 0.000 0.002 0.000 0.002 
  11 G H   0.994 0.000 0.000 0.000 0.000 0.002 0.000 0.003 
  12 L H   0.994 0.000 0.000 0.000 0.000 0.002 0.000 0.003 
  13 L H   0.992 0.001 0.000 0.001 0.000 0.003 0.001 0.003 
  14 T H   0.985 0.002 0.000 0.001 0.000 0.007 0.001 0.004 
  15 V H   0.965 0.003 0.000 0.002 0.000 0.017 0.003 0.010 
  16 L H   0.893 0.005 0.000 0.002 0.001 0.033 0.008 0.059 
  17 S H   0.680 0.009 0.000 0.003 0.002 0.052 0.015 0.238 
  18 M L   0.393 0.017 0.000 0.006 0.006 0.104 0.033 0.441 
  19 G L   0.111 0.029 0.000 0.005 0.004 0.074 0.028 0.748 
  20 F L   0.059 0.055 0.000 0.005 0.006 0.036 0.043 0.797 
  21 G L   0.028 0.075 0.000 0.004 0.004 0.068 0.054 0.766 
  22 L L   0.020 0.085 0.000 0.010 0.010 0.057 0.057 0.761 
  23 A L   0.009 0.060 0.000 0.009 0.005 0.023 0.094 0.799 
  24 Q L   0.006 0.034 0.000 0.031 0.023 0.028 0.094 0.784 
  25 F L   0.002 0.017 0.000 0.041 0.021 0.007 0.018 0.893 
  26 S L   0.003 0.013 0.000 0.047 0.025 0.034 0.167 0.712 
  27 D L   0.004 0.014 0.000 0.061 0.057 0.057 0.345 0.462 
  28 V L   0.001 0.005 0.000 0.031 0.049 0.004 0.329 0.581 
  29 P L   0.000 0.001 0.000 0.006 0.009 0.002 0.007 0.975 
  30 A T   0.003 0.004 0.000 0.000 0.001 0.959 0.027 0.007 
  31 G T   0.000 0.003 0.000 0.001 0.001 0.952 0.036 0.006 
  32 H S   0.002 0.005 0.000 0.003 0.018 0.013 0.685 0.274 
  33 W T   0.293 0.023 0.001 0.000 0.001 0.657 0.018 0.007 
  34 A T   0.392 0.021 0.001 0.000 0.001 0.559 0.017 0.009 
  35 K H   0.981 0.005 0.001 0.000 0.001 0.006 0.003 0.003 
  36 E H   0.997 0.000 0.000 0.000 0.000 0.001 0.000 0.000 
  37 A H   0.997 0.000 0.000 0.000 0.000 0.001 0.000 0.000 
  38 V H   0.999 0.000 0.000 0.000 0.000 0.000 0.000 0.000 
  39 E H   0.998 0.000 0.000 0.000 0.000 0.001 0.000 0.000 
  40 A H   0.999 0.000 0.000 0.000 0.000 0.001 0.000 0.000 
  41 L H   0.995 0.001 0.000 0.000 0.000 0.004 0.000 0.000 
  42 A H   0.994 0.002 0.000 0.000 0.000 0.004 0.000 0.001 
  43 A H   0.965 0.003 0.000 0.001 0.000 0.028 0.001 0.001 
  44 K T   0.053 0.001 0.000 0.000 0.000 0.938 0.004 0.002 
  45 G T   0.003 0.001 0.000 0.000 0.000 0.985 0.008 0.003 
  46 I S   0.000 0.001 0.000 0.030 0.003 0.004 0.650 0.312 
  47 I E   0.000 0.001 0.000 0.424 0.333 0.005 0.102 0.133 
  48 L L   0.000 0.002 0.000 0.405 0.049 0.012 0.025 0.506 
  49 G L   0.001 0.001 0.000 0.322 0.156 0.017 0.079 0.424 
  50 F L   0.000 0.001 0.000 0.161 0.059 0.002 0.041 0.736 
  51 P T   0.002 0.018 0.000 0.018 0.019 0.724 0.135 0.085 
  52 D T   0.001 0.015 0.000 0.002 0.003 0.824 0.134 0.020 
  53 G S   0.000 0.014 0.000 0.014 0.018 0.034 0.730 0.190 
  54 T L   0.000 0.001 0.000 0.062 0.102 0.005 0.181 0.648 
  55 F B   0.001 0.001 0.000 0.135 0.512 0.004 0.085 0.264 
  56 R L   0.000 0.002 0.000 0.103 0.099 0.011 0.089 0.696 
  57 G T   0.001 0.017 0.000 0.025 0.038 0.533 0.264 0.123 
  58 N S   0.001 0.019 0.000 0.004 0.006 0.437 0.459 0.072 
  59 E S   0.000 0.015 0.000 0.020 0.006 0.032 0.842 0.085 
  60 N B   0.003 0.007 0.000 0.165 0.458 0.033 0.089 0.245 
  61 L L   0.001 0.001 0.000 0.169 0.098 0.003 0.076 0.652 
  62 T B   0.020 0.001 0.001 0.171 0.408 0.005 0.020 0.373 
  63 R H   0.978 0.002 0.000 0.004 0.000 0.008 0.003 0.004 
  64 Y H   0.991 0.002 0.000 0.000 0.000 0.005 0.001 0.001 
  65 Q H   0.996 0.001 0.000 0.000 0.000 0.002 0.000 0.000 
  66 A H   0.998 0.000 0.000 0.000 0.000 0.001 0.000 0.000 
  67 A H   0.998 0.000 0.000 0.000 0.000 0.001 0.000 0.000 
  68 L H   0.997 0.000 0.000 0.000 0.000 0.002 0.000 0.000 
  69 L H   0.997 0.000 0.000 0.000 0.000 0.002 0.000 0.000 
  70 I H   0.997 0.001 0.000 0.000 0.000 0.001 0.000 0.001 
  71 Y H   0.994 0.001 0.000 0.000 0.000 0.003 0.000 0.001 
  72 R H   0.993 0.002 0.000 0.001 0.000 0.002 0.000 0.002 
  73 L H   0.973 0.005 0.000 0.001 0.000 0.014 0.002 0.005 
  74 L H   0.541 0.009 0.000 0.001 0.000 0.416 0.017 0.015 
  75 Q T   0.213 0.008 0.000 0.001 0.001 0.643 0.019 0.115 
  76 Q L   0.159 0.005 0.000 0.001 0.002 0.018 0.023 0.792 
  77 I L   0.261 0.015 0.000 0.001 0.004 0.016 0.033 0.669 
  78 E H   0.585 0.087 0.000 0.002 0.003 0.032 0.013 0.278 
  79 E H   0.736 0.133 0.000 0.003 0.001 0.033 0.013 0.080 
  80 E H   0.764 0.135 0.000 0.003 0.001 0.034 0.011 0.052 
  81 L H   0.777 0.093 0.000 0.006 0.003 0.037 0.023 0.061 
  82 K H   0.734 0.039 0.000 0.009 0.006 0.037 0.029 0.146 
  83 T H   0.573 0.020 0.000 0.010 0.008 0.046 0.042 0.301 
  84 Q L   0.239 0.018 0.000 0.006 0.006 0.286 0.057 0.388 
  85 G L   0.014 0.014 0.000 0.002 0.002 0.375 0.122 0.472 
  86 T L   0.008 0.011 0.000 0.004 0.006 0.035 0.133 0.803 
  87 S L   0.006 0.005 0.000 0.003 0.003 0.010 0.063 0.911 
  88 P L   0.013 0.012 0.000 0.003 0.003 0.039 0.056 0.874 
  89 T L   0.027 0.061 0.000 0.007 0.010 0.047 0.074 0.772 
  90 M L   0.062 0.288 0.000 0.007 0.006 0.049 0.061 0.527 
  91 E L   0.060 0.313 0.000 0.004 0.003 0.093 0.049 0.476 
  92 A L   0.036 0.268 0.000 0.003 0.004 0.099 0.096 0.493 
  93 L L   0.004 0.013 0.000 0.005 0.009 0.009 0.186 0.772 
  94 A L   0.006 0.013 0.000 0.004 0.005 0.008 0.079 0.886 
  95 P L   0.163 0.207 0.000 0.009 0.012 0.069 0.043 0.498 
  96 E G   0.263 0.296 0.000 0.011 0.021 0.100 0.094 0.216 
  97 D H   0.302 0.296 0.001 0.004 0.009 0.041 0.056 0.291 
  98 L H   0.587 0.313 0.000 0.001 0.002 0.022 0.017 0.059 
  99 E H   0.636 0.327 0.000 0.000 0.000 0.029 0.004 0.004 
 100 A H   0.625 0.327 0.000 0.000 0.000 0.040 0.003 0.004 
 101 L H   0.659 0.216 0.002 0.000 0.002 0.041 0.033 0.047 
 102 K H   0.922 0.018 0.002 0.001 0.004 0.020 0.011 0.023 
 103 N H   0.986 0.002 0.000 0.001 0.000 0.006 0.002 0.003 
 104 A H   0.991 0.001 0.000 0.000 0.000 0.005 0.001 0.002 
 105 V H   0.995 0.001 0.000 0.000 0.000 0.002 0.000 0.001 
 106 Q H   0.997 0.000 0.000 0.000 0.000 0.001 0.000 0.001 
 107 E H   0.997 0.000 0.000 0.000 0.000 0.002 0.000 0.001 
 108 L H   0.997 0.000 0.000 0.000 0.000 0.002 0.000 0.001 
 109 A H   0.998 0.000 0.000 0.000 0.000 0.001 0.000 0.000 
 110 A H   0.998 0.000 0.000 0.000 0.000 0.002 0.000 0.000 
 111 E H   0.999 0.000 0.000 0.000 0.000 0.001 0.000 0.000 
 112 L H   0.995 0.001 0.000 0.000 0.000 0.003 0.000 0.000 
 113 A H   0.991 0.002 0.000 0.000 0.000 0.005 0.000 0.001 
 114 S H   0.942 0.005 0.000 0.001 0.000 0.050 0.001 0.001 
 115 L T   0.075 0.005 0.000 0.000 0.000 0.903 0.008 0.008 
 116 G T   0.002 0.002 0.000 0.000 0.000 0.976 0.006 0.013 
 117 V L   0.001 0.001 0.000 0.086 0.010 0.010 0.199 0.693 
 118 R L   0.001 0.001 0.000 0.354 0.166 0.004 0.091 0.382 
 119 V L   0.002 0.004 0.000 0.339 0.180 0.014 0.045 0.416 
 120 S L   0.001 0.009 0.000 0.058 0.013 0.097 0.288 0.534 
 121 A S   0.002 0.010 0.000 0.011 0.019 0.083 0.450 0.425 
 122 L L   0.001 0.008 0.000 0.004 0.024 0.035 0.318 0.610 
 123 E T   0.003 0.020 0.000 0.002 0.011 0.565 0.076 0.323 
 124 D T   0.002 0.022 0.000 0.002 0.006 0.528 0.194 0.247 
 125 S S   0.000 0.011 0.000 0.013 0.006 0.022 0.608 0.340 
 126 A L   0.002 0.004 0.000 0.150 0.193 0.021 0.075 0.555 
 127 A L   0.000 0.001 0.000 0.218 0.076 0.004 0.044 0.657 
 128 T B   0.010 0.000 0.001 0.264 0.430 0.003 0.017 0.276 
 129 K H   0.976 0.001 0.000 0.008 0.000 0.006 0.003 0.005 
 130 E H   0.993 0.001 0.000 0.000 0.000 0.004 0.001 0.001 
 131 D H   0.997 0.001 0.000 0.000 0.000 0.002 0.000 0.000 
 132 I H   0.998 0.000 0.000 0.000 0.000 0.001 0.000 0.001 
 133 A H   0.997 0.000 0.000 0.000 0.000 0.002 0.000 0.001 
 134 R H   0.997 0.000 0.000 0.000 0.000 0.002 0.000 0.000 
 135 L H   0.998 0.000 0.000 0.000 0.000 0.001 0.000 0.000 
 136 E H   0.998 0.000 0.000 0.000 0.000 0.001 0.000 0.001 
 137 A H   0.997 0.000 0.000 0.000 0.000 0.002 0.000 0.001 
 138 M H   0.996 0.001 0.000 0.000 0.000 0.002 0.000 0.001 
 139 I H   0.994 0.001 0.000 0.000 0.000 0.003 0.000 0.001 
 140 A H   0.978 0.002 0.000 0.000 0.000 0.016 0.001 0.002 
 141 E H   0.908 0.005 0.000 0.000 0.000 0.070 0.007 0.010 
 142 L H   0.845 0.015 0.000 0.001 0.001 0.057 0.011 0.071 
 143 K H   0.755 0.015 0.000 0.001 0.001 0.105 0.021 0.101 
 144 A H   0.445 0.012 0.000 0.002 0.002 0.284 0.065 0.190 
 145 Q L   0.007 0.002 0.000 0.003 0.003 0.011 0.348 0.626 
 146 P L   0.003 0.002 0.000 0.003 0.004 0.007 0.060 0.922 
 147 M L   0.001 0.003 0.000 0.001 0.003 0.015 0.072 0.905 
 148 P L   0.003 0.005 0.000 0.004 0.009 0.011 0.074 0.894 
 149 E L   0.003 0.007 0.000 0.002 0.003 0.008 0.052 0.925 
 150 P L   0.009 0.019 0.000 0.001 0.001 0.264 0.042 0.665 
 151 G L   0.010 0.020 0.000 0.001 0.001 0.338 0.087 0.542 
 152 M L   0.019 0.013 0.000 0.003 0.006 0.022 0.232 0.706 
 153 D L   0.041 0.005 0.000 0.001 0.003 0.004 0.031 0.914 
 154 Q H   0.858 0.023 0.000 0.000 0.000 0.028 0.016 0.076 
 155 A H   0.915 0.025 0.000 0.001 0.000 0.022 0.009 0.027 
 156 A H   0.926 0.028 0.000 0.001 0.000 0.015 0.007 0.022 
 157 L H   0.950 0.012 0.000 0.001 0.000 0.013 0.005 0.019 
 158 K H   0.951 0.008 0.000 0.001 0.000 0.017 0.009 0.013 
 159 D H   0.942 0.004 0.000 0.000 0.000 0.018 0.006 0.029 
 160 L H   0.984 0.002 0.000 0.000 0.000 0.005 0.001 0.007 
 161 M H   0.992 0.001 0.000 0.000 0.000 0.002 0.001 0.004 
 162 D H   0.992 0.001 0.000 0.000 0.000 0.004 0.000 0.002 
 163 R H   0.994 0.001 0.000 0.000 0.000 0.003 0.000 0.002 
 164 V H   0.995 0.000 0.000 0.000 0.000 0.002 0.000 0.001 
 165 E H   0.996 0.000 0.000 0.000 0.000 0.002 0.000 0.001 
 166 A H   0.996 0.000 0.000 0.000 0.000 0.002 0.000 0.001 
 167 A H   0.996 0.000 0.000 0.000 0.000 0.002 0.000 0.001 
 168 S H   0.995 0.000 0.000 0.000 0.000 0.003 0.000 0.002 
 169 I H   0.996 0.001 0.000 0.000 0.000 0.002 0.000 0.001 
 170 A H   0.996 0.001 0.000 0.000 0.000 0.002 0.000 0.001 
 171 A H   0.996 0.000 0.000 0.000 0.000 0.002 0.000 0.001 
 172 D H   0.996 0.000 0.000 0.000 0.000 0.002 0.000 0.001 
 173 T H   0.996 0.000 0.000 0.000 0.000 0.002 0.000 0.001 
 174 A H   0.996 0.000 0.000 0.000 0.000 0.002 0.000 0.001 
 175 L H   0.996 0.000 0.000 0.000 0.000 0.002 0.000 0.001 
 176 A H   0.995 0.001 0.000 0.000 0.000 0.003 0.000 0.001 
 177 Q H   0.995 0.001 0.000 0.000 0.000 0.003 0.000 0.001 
 178 A H   0.995 0.001 0.000 0.000 0.000 0.003 0.000 0.001 
 179 Q H   0.995 0.001 0.000 0.000 0.000 0.003 0.000 0.001 
 180 Q H   0.994 0.001 0.000 0.000 0.000 0.003 0.000 0.001 
 181 L H   0.995 0.001 0.000 0.000 0.000 0.003 0.000 0.001 
 182 A H   0.996 0.001 0.000 0.000 0.000 0.002 0.000 0.001 
 183 E H   0.996 0.001 0.000 0.000 0.000 0.002 0.000 0.001 
 184 R H   0.995 0.001 0.000 0.000 0.000 0.003 0.000 0.001 
 185 L H   0.995 0.001 0.000 0.000 0.000 0.002 0.000 0.001 
 186 D H   0.995 0.001 0.000 0.000 0.000 0.002 0.000 0.001 
 187 A H   0.995 0.001 0.000 0.000 0.000 0.003 0.000 0.001 
 188 L H   0.994 0.001 0.000 0.000 0.000 0.003 0.000 0.001 
 189 A H   0.995 0.001 0.000 0.000 0.000 0.003 0.000 0.001 
 190 Q H   0.994 0.001 0.000 0.000 0.000 0.003 0.000 0.001 
 191 D H   0.993 0.001 0.000 0.000 0.000 0.004 0.000 0.002 
 192 V H   0.994 0.001 0.000 0.000 0.000 0.003 0.000 0.002 
 193 E H   0.993 0.001 0.000 0.000 0.000 0.004 0.000 0.001 
 194 G H   0.990 0.001 0.000 0.000 0.000 0.006 0.001 0.002 
 195 V H   0.992 0.001 0.000 0.000 0.000 0.004 0.001 0.002 
 196 K H   0.994 0.001 0.000 0.000 0.000 0.003 0.000 0.002 
 197 G H   0.992 0.001 0.000 0.000 0.000 0.004 0.001 0.002 
 198 D H   0.991 0.001 0.000 0.000 0.000 0.004 0.001 0.003 
 199 L H   0.993 0.001 0.000 0.000 0.000 0.003 0.000 0.002 
 200 A H   0.993 0.001 0.000 0.000 0.000 0.004 0.000 0.001 
 201 G H   0.990 0.001 0.000 0.000 0.000 0.006 0.001 0.002 
 202 L H   0.993 0.001 0.000 0.000 0.000 0.003 0.000 0.002 
 203 R H   0.995 0.001 0.000 0.000 0.000 0.003 0.000 0.001 
 204 S H   0.994 0.001 0.000 0.000 0.000 0.003 0.000 0.001 
 205 Q H   0.995 0.001 0.000 0.000 0.000 0.003 0.000 0.001 
 206 V H   0.995 0.001 0.000 0.000 0.000 0.003 0.000 0.001 
 207 E H   0.995 0.001 0.000 0.000 0.000 0.003 0.000 0.001 
 208 A H   0.994 0.001 0.000 0.000 0.000 0.003 0.000 0.001 
 209 N H   0.992 0.001 0.000 0.000 0.000 0.005 0.001 0.002 
 210 A H   0.995 0.001 0.000 0.000 0.000 0.003 0.000 0.001 
 211 D H   0.995 0.001 0.000 0.000 0.000 0.003 0.000 0.001 
 212 A H   0.995 0.001 0.000 0.000 0.000 0.003 0.000 0.001 
 213 I H   0.995 0.001 0.000 0.000 0.000 0.003 0.000 0.001 
 214 Q H   0.995 0.001 0.000 0.000 0.000 0.003 0.000 0.001 
 215 A H   0.995 0.001 0.000 0.000 0.000 0.003 0.000 0.001 
 216 L H   0.995 0.001 0.000 0.000 0.000 0.003 0.000 0.001 
 217 N H   0.995 0.001 0.000 0.000 0.000 0.002 0.000 0.001 
 218 E H   0.995 0.001 0.000 0.000 0.000 0.003 0.000 0.001 
 219 L H   0.994 0.001 0.000 0.000 0.000 0.003 0.000 0.001 
 220 A H   0.992 0.001 0.000 0.000 0.000 0.004 0.001 0.002 
 221 V H   0.988 0.002 0.000 0.000 0.000 0.007 0.001 0.002 
 222 L H   0.982 0.002 0.000 0.000 0.000 0.010 0.001 0.003 
 223 L H   0.962 0.003 0.000 0.000 0.000 0.028 0.002 0.005 
 224 N H   0.956 0.003 0.000 0.000 0.000 0.031 0.003 0.007 
 225 Q H   0.965 0.003 0.000 0.000 0.000 0.012 0.004 0.016 
 226 D H   0.958 0.002 0.000 0.000 0.000 0.008 0.003 0.029 
 227 V H   0.982 0.003 0.000 0.000 0.000 0.006 0.001 0.007 
 228 L H   0.983 0.003 0.000 0.000 0.000 0.009 0.001 0.003 
 229 S H   0.968 0.003 0.000 0.000 0.000 0.019 0.002 0.007 
 230 L H   0.981 0.002 0.000 0.000 0.000 0.009 0.001 0.005 
 231 Q H   0.991 0.001 0.000 0.000 0.000 0.003 0.001 0.003 
 232 D H   0.993 0.001 0.000 0.000 0.000 0.003 0.000 0.002 
 233 R H   0.994 0.001 0.000 0.000 0.000 0.003 0.000 0.002 
 234 V H   0.994 0.001 0.000 0.000 0.000 0.003 0.000 0.002 
 235 T H   0.993 0.001 0.000 0.000 0.000 0.003 0.000 0.002 
 236 A H   0.990 0.001 0.000 0.000 0.000 0.004 0.000 0.004 
 237 L H   0.985 0.002 0.000 0.000 0.000 0.006 0.001 0.005 
 238 E H   0.962 0.004 0.000 0.001 0.000 0.019 0.002 0.013 
 239 K H   0.917 0.007 0.000 0.001 0.001 0.046 0.005 0.023 
 240 M H   0.820 0.012 0.000 0.001 0.001 0.107 0.010 0.048 
 241 V H   0.665 0.026 0.000 0.001 0.002 0.140 0.020 0.146 
 242 S H   0.482 0.045 0.000 0.001 0.002 0.279 0.039 0.151 
 243 G T   0.154 0.062 0.000 0.001 0.001 0.455 0.073 0.254 
 244 G L   0.075 0.083 0.000 0.003 0.004 0.098 0.088 0.649 
 245 Q L   0.050 0.076 0.000 0.002 0.004 0.075 0.136 0.657 
 246 E L   0.032 0.069 0.000 0.004 0.009 0.117 0.186 0.584 
 247 L L   0.008 0.014 0.000 0.003 0.006 0.013 0.082 0.875 
 248 P L   0.017 0.009 0.000 0.001 0.004 0.011 0.044 0.914 
 249 D L   0.026 0.011 0.000 0.001 0.002 0.016 0.054 0.890 
 250 L H   0.492 0.358 0.000 0.000 0.000 0.053 0.010 0.087 
 251 E H   0.505 0.378 0.000 0.001 0.000 0.090 0.010 0.017 
 252 Q H   0.467 0.379 0.000 0.001 0.000 0.109 0.018 0.027 
 253 F H   0.417 0.207 0.000 0.002 0.007 0.132 0.113 0.122 
 254 A L   0.008 0.003 0.000 0.001 0.003 0.008 0.456 0.521 
 255 T S   0.018 0.001 0.000 0.001 0.007 0.005 0.688 0.281 
 256 K H   0.990 0.001 0.000 0.000 0.000 0.005 0.002 0.002 
 257 E H   0.996 0.001 0.000 0.000 0.000 0.003 0.000 0.000 
 258 D H   0.995 0.001 0.000 0.000 0.000 0.002 0.000 0.001 
 259 V H   0.998 0.000 0.000 0.000 0.000 0.001 0.000 0.001 
 260 A H   0.998 0.000 0.000 0.000 0.000 0.001 0.000 0.001 
 261 A H   0.997 0.000 0.000 0.000 0.000 0.002 0.000 0.000 
 262 V H   0.998 0.000 0.000 0.000 0.000 0.001 0.000 0.000 
 263 Q H   0.998 0.000 0.000 0.000 0.000 0.001 0.000 0.000 
 264 E H   0.998 0.000 0.000 0.000 0.000 0.002 0.000 0.000 
 265 F H   0.998 0.000 0.000 0.000 0.000 0.001 0.000 0.000 
 266 A H   0.998 0.000 0.000 0.000 0.000 0.001 0.000 0.000 
 267 A H   0.997 0.000 0.000 0.000 0.000 0.001 0.000 0.001 
 268 A H   0.995 0.001 0.000 0.000 0.000 0.003 0.000 0.001 
 269 L H   0.983 0.003 0.000 0.000 0.000 0.011 0.001 0.002 
 270 R H   0.970 0.004 0.000 0.000 0.000 0.019 0.003 0.004 
 271 S H   0.942 0.006 0.000 0.000 0.000 0.030 0.010 0.011 
 272 D H   0.916 0.008 0.000 0.001 0.000 0.035 0.008 0.031 
 273 L H   0.913 0.012 0.000 0.001 0.001 0.042 0.008 0.023 
 274 V H   0.875 0.016 0.000 0.001 0.000 0.083 0.012 0.013 
 275 G H   0.815 0.019 0.000 0.000 0.001 0.109 0.016 0.040 
 276 L H   0.832 0.017 0.000 0.000 0.001 0.067 0.017 0.065 
 277 S H   0.892 0.014 0.000 0.001 0.001 0.046 0.013 0.033 
 278 D H   0.918 0.011 0.000 0.001 0.001 0.025 0.012 0.031 
 279 K H   0.951 0.009 0.000 0.001 0.001 0.015 0.006 0.018 
 280 V H   0.965 0.007 0.000 0.001 0.000 0.012 0.003 0.011 
 281 S H   0.958 0.007 0.000 0.001 0.000 0.022 0.004 0.008 
 282 K H   0.942 0.005 0.000 0.000 0.000 0.030 0.004 0.018 
 283 L H   0.983 0.003 0.000 0.000 0.000 0.006 0.001 0.006 
 284 E H   0.993 0.002 0.000 0.000 0.000 0.002 0.000 0.002 
 285 E H   0.992 0.003 0.000 0.000 0.000 0.003 0.000 0.001 
 286 Q H   0.991 0.003 0.000 0.000 0.000 0.004 0.000 0.002 
 287 V H   0.988 0.005 0.000 0.000 0.000 0.003 0.001 0.002 
 288 A H   0.954 0.011 0.000 0.001 0.000 0.031 0.001 0.002 
 289 E H   0.864 0.019 0.000 0.001 0.000 0.101 0.005 0.010 
 290 L H   0.772 0.030 0.000 0.006 0.002 0.102 0.015 0.073 
 291 N H   0.497 0.029 0.000 0.009 0.003 0.315 0.033 0.115 
 292 K T   0.286 0.030 0.000 0.025 0.006 0.422 0.153 0.077 
 293 V S   0.023 0.013 0.000 0.086 0.005 0.033 0.672 0.168 
 294 R L   0.003 0.007 0.000 0.212 0.004 0.015 0.330 0.430 
 295 Y E   0.001 0.005 0.000 0.756 0.014 0.005 0.029 0.191 
 296 S E   0.000 0.004 0.000 0.867 0.003 0.001 0.007 0.118 
 297 I E   0.001 0.005 0.000 0.923 0.005 0.002 0.007 0.058 
 298 S E   0.001 0.004 0.000 0.886 0.003 0.004 0.019 0.082 
 299 G E   0.000 0.003 0.000 0.784 0.002 0.005 0.143 0.063 
 300 S E   0.000 0.003 0.000 0.758 0.003 0.003 0.035 0.198 
 301 L E   0.001 0.003 0.000 0.829 0.004 0.002 0.013 0.148 
 302 S E   0.001 0.003 0.000 0.904 0.004 0.002 0.007 0.079 
 303 A E   0.002 0.005 0.000 0.918 0.004 0.005 0.008 0.060 
 304 T E   0.003 0.007 0.000 0.889 0.007 0.018 0.021 0.054 
 305 Y E   0.006 0.011 0.000 0.728 0.006 0.084 0.069 0.096 
 306 G E   0.006 0.012 0.000 0.595 0.002 0.094 0.090 0.201 
 307 T E   0.016 0.019 0.000 0.675 0.024 0.057 0.058 0.151 
 308 V E   0.016 0.021 0.000 0.650 0.017 0.055 0.080 0.161 
 309 V E   0.015 0.023 0.000 0.501 0.021 0.082 0.137 0.221 
 310 T L   0.011 0.022 0.000 0.250 0.020 0.177 0.191 0.329 
 311 D T   0.004 0.020 0.000 0.076 0.010 0.532 0.215 0.142 
 312 T T   0.003 0.016 0.000 0.044 0.003 0.631 0.182 0.121 
 313 G L   0.003 0.011 0.000 0.139 0.012 0.263 0.250 0.322 
 314 T L   0.003 0.002 0.000 0.367 0.029 0.022 0.168 0.409 
 315 N E   0.005 0.002 0.000 0.588 0.037 0.012 0.070 0.286 
 316 F E   0.006 0.004 0.000 0.711 0.028 0.008 0.013 0.230 
 317 D E   0.007 0.007 0.000 0.713 0.020 0.008 0.015 0.230 
 318 I E   0.011 0.015 0.000 0.632 0.033 0.019 0.023 0.266 
 319 D E   0.013 0.038 0.000 0.436 0.033 0.035 0.046 0.399 
 320 R T   0.021 0.049 0.000 0.231 0.018 0.434 0.117 0.129 
 321 L T   0.018 0.038 0.000 0.162 0.031 0.494 0.122 0.134 
 322 F S   0.008 0.017 0.000 0.107 0.029 0.066 0.419 0.354 
 323 P T   0.015 0.028 0.000 0.056 0.049 0.381 0.114 0.356 
 324 G T   0.018 0.067 0.000 0.029 0.031 0.380 0.210 0.264 
 325 N L   0.026 0.088 0.000 0.028 0.043 0.055 0.208 0.552 
 326 A T   0.060 0.137 0.000 0.040 0.021 0.453 0.149 0.139 
 327 F T   0.048 0.119 0.000 0.060 0.046 0.442 0.134 0.152 
 328 S L   0.035 0.096 0.000 0.057 0.066 0.141 0.149 0.456 
 329 T L   0.024 0.056 0.000 0.033 0.036 0.213 0.200 0.436 
 330 G L   0.009 0.047 0.000 0.028 0.020 0.132 0.375 0.389 
 331 T L   0.015 0.040 0.000 0.065 0.066 0.093 0.304 0.418 
 332 Y L   0.018 0.037 0.000 0.068 0.077 0.228 0.191 0.380 
 333 G L   0.009 0.024 0.000 0.044 0.020 0.158 0.330 0.415 
 334 S L   0.014 0.017 0.000 0.068 0.055 0.074 0.353 0.419 
 335 F L   0.026 0.013 0.000 0.081 0.084 0.053 0.277 0.465 
 336 S L   0.039 0.016 0.000 0.058 0.042 0.053 0.081 0.711 
 337 S T   0.209 0.057 0.000 0.040 0.012 0.288 0.128 0.264 
 338 S H   0.320 0.062 0.000 0.069 0.023 0.275 0.088 0.163 
 339 V H   0.336 0.065 0.000 0.096 0.029 0.084 0.065 0.326 
 340 Q L   0.315 0.049 0.000 0.129 0.044 0.052 0.033 0.378 
 341 A L   0.232 0.053 0.000 0.121 0.049 0.143 0.042 0.360 
 342 G L   0.072 0.053 0.000 0.080 0.018 0.220 0.092 0.466 
 343 D L   0.042 0.066 0.000 0.061 0.037 0.098 0.145 0.552 
 344 S L   0.027 0.087 0.000 0.035 0.018 0.128 0.100 0.604 
 345 N L   0.013 0.087 0.000 0.017 0.011 0.132 0.080 0.660 
 346 Q L   0.008 0.064 0.000 0.010 0.010 0.171 0.116 0.622 
 347 G L   0.003 0.020 0.000 0.014 0.007 0.125 0.170 0.661 
 348 N L   0.003 0.007 0.000 0.071 0.022 0.012 0.107 0.778 
 349 I L   0.005 0.008 0.000 0.188 0.069 0.013 0.054 0.663 
 350 S L   0.006 0.012 0.000 0.184 0.090 0.072 0.046 0.591 
 351 G L   0.001 0.010 0.000 0.047 0.009 0.128 0.279 0.526 
 352 G S   0.001 0.008 0.000 0.046 0.012 0.059 0.455 0.418 
 353 S L   0.002 0.009 0.000 0.127 0.027 0.030 0.177 0.627 
 354 A L   0.003 0.016 0.000 0.271 0.017 0.042 0.186 0.466 
 355 S E   0.003 0.021 0.000 0.487 0.025 0.021 0.071 0.371 
 356 L E   0.003 0.026 0.000 0.616 0.009 0.010 0.021 0.315 
 357 T E   0.005 0.028 0.000 0.806 0.008 0.024 0.030 0.098 
 358 F E   0.004 0.025 0.000 0.865 0.005 0.035 0.027 0.039 
 359 G E   0.002 0.017 0.000 0.863 0.002 0.022 0.029 0.065 
 360 V E   0.002 0.010 0.000 0.901 0.002 0.005 0.010 0.070 
 361 K E   0.001 0.008 0.000 0.954 0.002 0.003 0.006 0.026 
 362 V E   0.001 0.007 0.000 0.956 0.003 0.004 0.006 0.024 
 363 A E   0.001 0.006 0.000 0.841 0.005 0.004 0.017 0.126 
 364 Q E   0.001 0.005 0.000 0.585 0.008 0.008 0.068 0.325 
 365 P L   0.001 0.009 0.000 0.405 0.019 0.015 0.068 0.483 
 366 G L   0.003 0.025 0.000 0.294 0.029 0.053 0.173 0.423 
 367 T S   0.002 0.027 0.000 0.206 0.008 0.084 0.398 0.275 
 368 S S   0.003 0.028 0.000 0.233 0.010 0.087 0.360 0.279 
 369 G L   0.003 0.013 0.000 0.333 0.012 0.038 0.152 0.448 
 370 V E   0.003 0.009 0.000 0.502 0.018 0.014 0.073 0.382 
 371 N E   0.002 0.010 0.000 0.618 0.028 0.014 0.086 0.242 
 372 V E   0.002 0.017 0.000 0.629 0.024 0.014 0.060 0.255 
 373 S E   0.001 0.019 0.000 0.559 0.003 0.020 0.268 0.129 
 374 E E   0.001 0.017 0.000 0.642 0.006 0.028 0.159 0.147 
 375 A E   0.000 0.005 0.000 0.776 0.001 0.004 0.015 0.199 
 376 S E   0.000 0.001 0.000 0.984 0.001 0.001 0.003 0.011 
 377 A E   0.000 0.000 0.000 0.994 0.000 0.000 0.000 0.005 
 378 T E   0.000 0.000 0.000 0.993 0.000 0.000 0.000 0.006 
 379 L E   0.000 0.000 0.000 0.993 0.000 0.000 0.000 0.006 
 380 Q E   0.000 0.000 0.000 0.984 0.000 0.000 0.001 0.014 
 381 V E   0.000 0.000 0.000 0.937 0.002 0.000 0.002 0.058 
 382 P E   0.000 0.001 0.000 0.776 0.003 0.002 0.008 0.209 
 383 A E   0.002 0.008 0.000 0.654 0.014 0.017 0.059 0.246 
 384 A E   0.003 0.012 0.000 0.512 0.015 0.039 0.188 0.231 
 385 F E   0.007 0.016 0.000 0.404 0.055 0.072 0.208 0.238 
 386 G L   0.004 0.011 0.000 0.104 0.010 0.064 0.182 0.625 
 387 T L   0.009 0.016 0.000 0.043 0.019 0.115 0.274 0.523 
 388 A T   0.009 0.024 0.000 0.032 0.015 0.391 0.244 0.285 
 389 Y T   0.005 0.028 0.000 0.034 0.015 0.379 0.187 0.353 
 390 T L   0.005 0.025 0.000 0.050 0.032 0.145 0.299 0.444 
 391 S S   0.001 0.010 0.000 0.062 0.037 0.050 0.462 0.377 
 392 A L   0.001 0.005 0.000 0.070 0.020 0.028 0.263 0.615 
 393 P L   0.001 0.005 0.000 0.123 0.005 0.065 0.092 0.709 
 394 T E   0.001 0.003 0.000 0.575 0.006 0.036 0.115 0.264 
 395 I E   0.000 0.000 0.000 0.929 0.002 0.001 0.004 0.064 
 396 R E   0.000 0.000 0.000 0.982 0.000 0.000 0.001 0.016 
 397 L E   0.000 0.000 0.000 0.989 0.000 0.000 0.001 0.008 
 398 N E   0.000 0.000 0.000 0.981 0.000 0.001 0.007 0.011 
 399 A E   0.000 0.000 0.000 0.987 0.000 0.001 0.003 0.009 
 400 A E   0.000 0.000 0.000 0.985 0.000 0.000 0.001 0.013 
 401 S E   0.000 0.000 0.000 0.996 0.000 0.000 0.001 0.003 
 402 V E   0.000 0.000 0.000 0.996 0.000 0.000 0.001 0.003 
 403 K E   0.000 0.000 0.000 0.995 0.000 0.000 0.000 0.005 
 404 G E   0.000 0.000 0.000 0.992 0.000 0.000 0.001 0.006 
 405 N E   0.000 0.000 0.000 0.976 0.001 0.000 0.002 0.021 
 406 V E   0.000 0.002 0.000 0.927 0.008 0.007 0.016 0.040 
 407 D T   0.001 0.009 0.000 0.037 0.002 0.860 0.053 0.036 
 408 G T   0.000 0.006 0.000 0.010 0.000 0.881 0.088 0.015 
 409 Q E   0.003 0.009 0.001 0.578 0.014 0.179 0.165 0.051 
 410 A E   0.001 0.001 0.000 0.797 0.006 0.025 0.022 0.147 
 411 F E   0.000 0.001 0.000 0.907 0.002 0.001 0.007 0.082 
 412 S E   0.000 0.000 0.000 0.988 0.001 0.000 0.001 0.009 
 413 V E   0.000 0.000 0.000 0.994 0.000 0.000 0.001 0.004 
 414 V E   0.000 0.000 0.000 0.992 0.000 0.000 0.001 0.006 
 415 Y E   0.000 0.001 0.000 0.977 0.001 0.004 0.002 0.014 
 416 S E   0.001 0.002 0.000 0.788 0.003 0.012 0.048 0.147 
 417 R E   0.001 0.003 0.000 0.608 0.012 0.018 0.191 0.167 
 418 A L   0.002 0.007 0.000 0.381 0.016 0.031 0.174 0.389 
 419 V L   0.015 0.040 0.000 0.171 0.015 0.093 0.161 0.505 
 420 S L   0.032 0.065 0.000 0.119 0.019 0.194 0.211 0.358 
 421 S L   0.034 0.067 0.000 0.112 0.028 0.213 0.212 0.334 
 422 F L   0.024 0.049 0.000 0.099 0.017 0.193 0.230 0.389 
 423 K L   0.012 0.035 0.000 0.134 0.014 0.215 0.225 0.364 
 424 F E   0.016 0.041 0.000 0.248 0.069 0.219 0.198 0.208 
 425 N L   0.010 0.033 0.000 0.267 0.015 0.141 0.138 0.395 
 426 D E   0.009 0.027 0.000 0.380 0.011 0.050 0.216 0.306 
 427 Y E   0.011 0.018 0.000 0.771 0.026 0.020 0.018 0.135 
 428 L E   0.010 0.019 0.000 0.841 0.017 0.039 0.024 0.051 
 429 F E   0.008 0.014 0.000 0.797 0.016 0.054 0.043 0.067 
 430 A E   0.006 0.011 0.000 0.617 0.023 0.033 0.146 0.164 
 431 N L   0.008 0.013 0.000 0.324 0.029 0.056 0.189 0.380 
 432 D L   0.009 0.033 0.000 0.097 0.018 0.173 0.143 0.528 
 433 N T   0.007 0.040 0.000 0.055 0.030 0.394 0.190 0.284 
 434 D T   0.004 0.033 0.000 0.037 0.024 0.382 0.164 0.356 
 435 S S   0.002 0.015 0.000 0.026 0.019 0.076 0.455 0.406 
 436 E L   0.002 0.008 0.000 0.031 0.032 0.072 0.379 0.476 
 437 P L   0.002 0.008 0.000 0.033 0.014 0.126 0.162 0.657 
 438 A L   0.005 0.009 0.000 0.097 0.072 0.055 0.154 0.607 
 439 N L   0.006 0.013 0.000 0.120 0.063 0.023 0.196 0.578 
 440 P T   0.014 0.112 0.000 0.098 0.014 0.360 0.062 0.340 
 441 R T   0.013 0.115 0.000 0.104 0.012 0.420 0.065 0.271 
 442 Q L   0.010 0.100 0.000 0.175 0.015 0.200 0.098 0.402 
 443 G L   0.003 0.009 0.000 0.370 0.010 0.048 0.153 0.408 
 444 M E   0.001 0.000 0.000 0.857 0.006 0.002 0.013 0.121 
 445 V E   0.001 0.000 0.000 0.990 0.001 0.000 0.001 0.007 
 446 A E   0.000 0.000 0.000 0.991 0.000 0.000 0.001 0.008 
 447 T E   0.000 0.000 0.000 0.984 0.001 0.000 0.002 0.012 
 448 F E   0.001 0.001 0.000 0.917 0.007 0.010 0.021 0.044 
 449 S L   0.002 0.006 0.000 0.198 0.005 0.085 0.261 0.443 
 450 A L   0.003 0.020 0.000 0.032 0.012 0.196 0.229 0.508 
 451 T S   0.005 0.027 0.000 0.008 0.012 0.254 0.519 0.174 
 452 K S   0.003 0.027 0.000 0.009 0.015 0.245 0.625 0.076 
 453 F S   0.001 0.023 0.000 0.007 0.030 0.131 0.523 0.285 
 454 P T   0.002 0.020 0.000 0.004 0.013 0.406 0.310 0.244 
 455 L S   0.001 0.014 0.000 0.013 0.024 0.356 0.421 0.170 
 456 A S   0.000 0.002 0.000 0.046 0.020 0.004 0.593 0.334 
 457 P L   0.000 0.001 0.000 0.097 0.005 0.004 0.077 0.817 
 458 E E   0.000 0.000 0.000 0.968 0.007 0.001 0.007 0.017 
 459 V E   0.000 0.000 0.000 0.993 0.000 0.000 0.001 0.007 
 460 T E   0.000 0.000 0.000 0.995 0.000 0.000 0.000 0.005 
 461 V E   0.000 0.000 0.000 0.995 0.000 0.000 0.000 0.005 
 462 V E   0.000 0.000 0.000 0.995 0.000 0.000 0.000 0.004 
 463 A E   0.000 0.000 0.000 0.990 0.001 0.001 0.001 0.008 
 464 G E   0.000 0.000 0.000 0.886 0.002 0.001 0.032 0.078 
 465 V E   0.000 0.001 0.000 0.770 0.008 0.002 0.027 0.193 
 466 A E   0.001 0.002 0.000 0.566 0.058 0.004 0.077 0.293 
 467 G L   0.001 0.006 0.000 0.120 0.014 0.015 0.222 0.623 
 468 P T   0.015 0.074 0.000 0.017 0.010 0.433 0.232 0.218 
 469 D T   0.014 0.091 0.000 0.008 0.014 0.416 0.141 0.315 
 470 A L   0.022 0.134 0.000 0.008 0.016 0.130 0.224 0.466 
 471 T L   0.022 0.120 0.000 0.005 0.008 0.253 0.144 0.448 
 472 K T   0.023 0.126 0.000 0.010 0.017 0.329 0.188 0.307 
 473 D L   0.019 0.066 0.000 0.017 0.019 0.141 0.169 0.569 
 474 T L   0.023 0.037 0.000 0.030 0.042 0.085 0.303 0.481 
 475 A L   0.015 0.037 0.000 0.021 0.018 0.070 0.132 0.707 
 476 P G   0.042 0.412 0.000 0.012 0.004 0.149 0.065 0.316 
 477 A G   0.053 0.450 0.000 0.028 0.011 0.151 0.076 0.231 
 478 L G   0.056 0.441 0.000 0.043 0.015 0.143 0.069 0.233 
 479 N L   0.054 0.163 0.000 0.070 0.025 0.220 0.096 0.372 
 480 G L   0.032 0.047 0.000 0.144 0.027 0.209 0.143 0.397 
 481 N L   0.009 0.013 0.000 0.295 0.004 0.128 0.103 0.447 
 482 Y E   0.002 0.004 0.000 0.874 0.007 0.009 0.018 0.086 
 483 F E   0.000 0.001 0.000 0.974 0.001 0.001 0.003 0.020 
 484 G E   0.000 0.000 0.000 0.990 0.000 0.001 0.002 0.007 
 485 I E   0.000 0.000 0.000 0.995 0.000 0.000 0.001 0.003 
 486 R E   0.000 0.000 0.000 0.995 0.000 0.000 0.002 0.003 
 487 T E   0.000 0.000 0.000 0.993 0.000 0.001 0.002 0.004 
 488 A E   0.000 0.000 0.000 0.995 0.000 0.000 0.001 0.003 
 489 V E   0.000 0.000 0.000 0.980 0.001 0.000 0.002 0.016 
 490 K E   0.000 0.001 0.000 0.707 0.004 0.004 0.011 0.272 
 491 P E   0.002 0.010 0.000 0.441 0.020 0.085 0.180 0.261 
 492 F L   0.001 0.010 0.000 0.171 0.023 0.054 0.313 0.427 
 493 S S   0.001 0.010 0.000 0.024 0.001 0.162 0.772 0.030 
 494 A S   0.000 0.004 0.000 0.057 0.002 0.188 0.639 0.110 
 495 L L   0.000 0.002 0.000 0.455 0.005 0.005 0.019 0.513 
 496 N E   0.000 0.001 0.000 0.926 0.002 0.001 0.014 0.055 
 497 L E   0.000 0.000 0.000 0.994 0.000 0.000 0.001 0.004 
 498 A E   0.000 0.000 0.000 0.995 0.000 0.000 0.001 0.004 
 499 L E   0.000 0.000 0.000 0.994 0.000 0.000 0.001 0.005 
 500 N E   0.000 0.000 0.000 0.994 0.000 0.000 0.001 0.005 
 501 Y E   0.000 0.000 0.000 0.993 0.000 0.000 0.001 0.006 
 502 A E   0.000 0.000 0.000 0.994 0.000 0.000 0.001 0.004 
 503 T E   0.000 0.001 0.000 0.978 0.001 0.002 0.004 0.014 
 504 N E   0.001 0.002 0.000 0.850 0.004 0.011 0.051 0.082 
 505 L E   0.002 0.007 0.000 0.478 0.009 0.066 0.216 0.222 
 506 G S   0.001 0.013 0.000 0.112 0.001 0.285 0.529 0.058 
 507 N S   0.002 0.016 0.000 0.145 0.002 0.320 0.362 0.153 
 508 R E   0.003 0.012 0.000 0.531 0.006 0.161 0.071 0.217 
 509 S E   0.001 0.003 0.000 0.757 0.003 0.037 0.043 0.156 
 510 A E   0.000 0.001 0.000 0.926 0.002 0.003 0.010 0.059 
 511 I E   0.000 0.000 0.000 0.986 0.000 0.000 0.004 0.008 
 512 G E   0.000 0.000 0.000 0.992 0.000 0.001 0.002 0.005 
 513 V E   0.000 0.000 0.000 0.993 0.000 0.000 0.001 0.005 
 514 D E   0.000 0.000 0.000 0.994 0.000 0.000 0.001 0.004 
 515 G E   0.000 0.000 0.000 0.989 0.000 0.000 0.002 0.009 
 516 G E   0.000 0.000 0.000 0.984 0.000 0.000 0.001 0.014 
 517 L E   0.000 0.000 0.000 0.992 0.000 0.000 0.001 0.006 
 518 E E   0.000 0.000 0.000 0.956 0.001 0.001 0.003 0.038 
 519 L E   0.000 0.002 0.000 0.650 0.007 0.007 0.054 0.280 
 520 G T   0.001 0.009 0.000 0.042 0.003 0.525 0.175 0.245 
 521 P T   0.000 0.009 0.000 0.020 0.000 0.538 0.372 0.060 
 522 A E   0.000 0.002 0.000 0.846 0.005 0.007 0.021 0.118 
 523 K E   0.000 0.000 0.000 0.978 0.001 0.000 0.003 0.018 
 524 L E   0.000 0.000 0.000 0.990 0.000 0.000 0.001 0.009 
 525 S E   0.000 0.000 0.000 0.993 0.000 0.000 0.000 0.006 
 526 G E   0.000 0.000 0.000 0.993 0.000 0.000 0.001 0.005 
 527 L E   0.000 0.000 0.000 0.988 0.000 0.000 0.001 0.010 
 528 W E   0.000 0.000 0.000 0.995 0.000 0.000 0.000 0.004 
 529 V E   0.000 0.000 0.000 0.994 0.000 0.000 0.001 0.005 
 530 S E   0.000 0.000 0.000 0.960 0.003 0.001 0.008 0.029 
 531 S E   0.001 0.002 0.000 0.769 0.022 0.009 0.071 0.126 
 532 Q S   0.001 0.003 0.000 0.145 0.007 0.017 0.553 0.274 
 533 T S   0.000 0.005 0.000 0.045 0.026 0.026 0.635 0.263 
 534 P T   0.004 0.010 0.000 0.004 0.007 0.741 0.102 0.132 
 535 G T   0.005 0.016 0.000 0.010 0.026 0.735 0.128 0.080 
 536 S S   0.005 0.033 0.000 0.020 0.037 0.016 0.564 0.325 
 537 P T   0.029 0.219 0.001 0.008 0.014 0.314 0.187 0.229 
 538 F L   0.022 0.256 0.000 0.009 0.022 0.256 0.092 0.342 
 539 A L   0.035 0.318 0.000 0.008 0.019 0.142 0.089 0.389 
 540 D G   0.043 0.325 0.000 0.009 0.008 0.237 0.121 0.257 
 541 F G   0.060 0.371 0.000 0.022 0.027 0.308 0.094 0.119 
 542 F G   0.049 0.327 0.000 0.018 0.018 0.307 0.066 0.214 
 543 D L   0.035 0.293 0.000 0.014 0.019 0.237 0.043 0.358 
 544 N T   0.028 0.243 0.000 0.015 0.010 0.371 0.084 0.249 
 545 T T   0.029 0.233 0.000 0.038 0.023 0.396 0.087 0.193 
 546 L L   0.027 0.209 0.000 0.070 0.040 0.060 0.195 0.399 
 547 S L   0.024 0.230 0.000 0.090 0.033 0.051 0.089 0.484 
 548 D T   0.016 0.220 0.000 0.097 0.014 0.411 0.124 0.118 
 549 W T   0.008 0.158 0.000 0.161 0.006 0.433 0.074 0.160 
 550 A E   0.001 0.013 0.000 0.551 0.015 0.011 0.104 0.305 
 551 Y E   0.000 0.001 0.000 0.934 0.005 0.002 0.024 0.035 
 552 Y E   0.000 0.000 0.000 0.986 0.001 0.000 0.003 0.010 
 553 A E   0.000 0.000 0.000 0.993 0.000 0.000 0.001 0.005 
 554 Q E   0.000 0.000 0.000 0.996 0.000 0.000 0.001 0.003 
 555 A E   0.000 0.000 0.000 0.992 0.000 0.000 0.001 0.007 
 556 E E   0.000 0.000 0.000 0.991 0.000 0.000 0.001 0.008 
 557 A E   0.000 0.000 0.000 0.987 0.001 0.001 0.002 0.009 
 558 K E   0.000 0.001 0.000 0.934 0.002 0.003 0.008 0.051 
 559 L E   0.001 0.003 0.000 0.694 0.013 0.033 0.121 0.135 
 560 G T   0.001 0.007 0.000 0.084 0.004 0.390 0.245 0.268 
 561 P S   0.001 0.008 0.000 0.057 0.001 0.387 0.403 0.144 
 562 L E   0.001 0.003 0.000 0.784 0.009 0.034 0.074 0.095 
 563 S E   0.000 0.000 0.000 0.947 0.002 0.001 0.006 0.044 
 564 L E   0.000 0.000 0.000 0.973 0.000 0.000 0.001 0.025 
 565 S E   0.000 0.000 0.000 0.990 0.000 0.000 0.001 0.009 
 566 A E   0.000 0.000 0.000 0.989 0.000 0.000 0.001 0.009 
 567 N E   0.000 0.000 0.000 0.988 0.000 0.000 0.001 0.011 
 568 Y E   0.000 0.000 0.000 0.994 0.000 0.000 0.000 0.005 
 569 H E   0.000 0.000 0.000 0.992 0.000 0.000 0.001 0.006 
 570 A E   0.000 0.000 0.000 0.960 0.001 0.001 0.006 0.032 
 571 V E   0.001 0.001 0.000 0.765 0.016 0.002 0.026 0.190 
 572 D L   0.000 0.001 0.000 0.066 0.004 0.004 0.048 0.877 
 573 P T   0.049 0.137 0.000 0.010 0.003 0.670 0.052 0.078 
 574 Q T   0.054 0.141 0.000 0.014 0.007 0.679 0.049 0.057 
 575 Y L   0.069 0.165 0.000 0.040 0.036 0.174 0.105 0.410 
 576 A L   0.064 0.066 0.000 0.034 0.035 0.199 0.105 0.497 
 577 D L   0.022 0.062 0.000 0.018 0.014 0.300 0.188 0.396 
 578 G L   0.017 0.064 0.000 0.025 0.019 0.178 0.319 0.377 
 579 Q L   0.018 0.069 0.000 0.040 0.030 0.148 0.127 0.568 
 580 A L   0.016 0.071 0.000 0.044 0.025 0.219 0.146 0.478 
 581 G L   0.014 0.073 0.000 0.061 0.025 0.175 0.133 0.519 
 582 M L   0.023 0.106 0.000 0.102 0.054 0.062 0.116 0.536 
 583 S L   0.030 0.143 0.000 0.110 0.053 0.076 0.075 0.514 
 584 E L   0.030 0.168 0.000 0.077 0.045 0.134 0.152 0.393 
 585 N L   0.019 0.114 0.000 0.041 0.026 0.106 0.143 0.550 
 586 E T   0.025 0.073 0.000 0.043 0.049 0.467 0.087 0.256 
 587 D T   0.017 0.041 0.000 0.046 0.022 0.465 0.125 0.285 
 588 T L   0.022 0.039 0.000 0.094 0.054 0.175 0.257 0.360 
 589 T L   0.029 0.033 0.000 0.182 0.104 0.184 0.149 0.319 
 590 Y T   0.032 0.040 0.000 0.213 0.117 0.257 0.150 0.191 
 591 Y T   0.025 0.037 0.000 0.164 0.089 0.374 0.151 0.160 
 592 G L   0.009 0.031 0.000 0.045 0.018 0.300 0.296 0.301 
 593 G S   0.008 0.036 0.000 0.044 0.047 0.190 0.342 0.333 
 594 E L   0.010 0.043 0.000 0.100 0.194 0.079 0.218 0.357 
 595 K L   0.011 0.064 0.000 0.085 0.134 0.212 0.184 0.309 
 596 A T   0.002 0.038 0.000 0.024 0.017 0.610 0.143 0.167 
 597 G T   0.002 0.025 0.000 0.020 0.027 0.468 0.239 0.218 
 598 A L   0.001 0.005 0.000 0.058 0.055 0.022 0.236 0.624 
 599 P L   0.001 0.005 0.000 0.128 0.094 0.046 0.131 0.594 
 600 Y L   0.004 0.016 0.000 0.221 0.200 0.061 0.116 0.383 
 601 G L   0.004 0.037 0.000 0.220 0.072 0.047 0.141 0.479 
 602 A L   0.018 0.133 0.000 0.181 0.068 0.090 0.204 0.305 
 603 D L   0.017 0.159 0.000 0.115 0.033 0.074 0.215 0.388 
 604 T S   0.015 0.153 0.000 0.122 0.018 0.165 0.375 0.151 
 605 R S   0.010 0.078 0.000 0.253 0.063 0.244 0.259 0.092 
 606 G S   0.002 0.022 0.000 0.338 0.022 0.068 0.422 0.125 
 607 L E   0.001 0.008 0.000 0.520 0.016 0.055 0.147 0.252 
 608 G E   0.000 0.004 0.000 0.850 0.011 0.015 0.064 0.056 
 609 V E   0.000 0.001 0.000 0.972 0.003 0.001 0.009 0.013 
 610 S E   0.000 0.001 0.000 0.992 0.001 0.000 0.002 0.005 
 611 A E   0.000 0.001 0.000 0.986 0.001 0.001 0.003 0.008 
 612 S E   0.000 0.001 0.000 0.965 0.001 0.003 0.008 0.021 
 613 V E   0.001 0.002 0.000 0.917 0.006 0.010 0.026 0.038 
 614 G E   0.000 0.002 0.000 0.752 0.006 0.021 0.096 0.122 
 615 F E   0.000 0.003 0.000 0.621 0.033 0.032 0.141 0.169 
 616 G L   0.001 0.003 0.000 0.336 0.016 0.059 0.116 0.469 
 617 P S   0.000 0.004 0.000 0.253 0.001 0.064 0.469 0.207 
 618 V E   0.001 0.005 0.000 0.652 0.013 0.013 0.133 0.184 
 619 T E   0.000 0.004 0.000 0.864 0.005 0.002 0.011 0.114 
 620 L E   0.000 0.003 0.000 0.918 0.003 0.001 0.006 0.069 
 621 K E   0.000 0.003 0.000 0.942 0.002 0.001 0.004 0.047 
 622 G E   0.001 0.003 0.000 0.953 0.002 0.004 0.008 0.031 
 623 Y E   0.000 0.002 0.000 0.937 0.002 0.005 0.010 0.044 
 624 A E   0.001 0.002 0.000 0.919 0.003 0.003 0.010 0.062 
 625 E E   0.001 0.003 0.000 0.875 0.005 0.005 0.020 0.091 
 626 S E   0.002 0.004 0.000 0.792 0.011 0.011 0.048 0.132 
 627 E E   0.005 0.009 0.000 0.655 0.042 0.025 0.092 0.172 
 628 G L   0.008 0.031 0.000 0.152 0.011 0.085 0.328 0.386 
 629 D L   0.029 0.100 0.000 0.029 0.011 0.232 0.272 0.327 
 630 Y T   0.034 0.144 0.000 0.020 0.025 0.332 0.157 0.289 
 631 N T   0.021 0.112 0.000 0.012 0.011 0.522 0.086 0.235 
 632 L T   0.013 0.066 0.000 0.016 0.021 0.459 0.214 0.211 
 633 A S   0.003 0.014 0.000 0.025 0.033 0.040 0.535 0.349 
 634 P T   0.004 0.021 0.000 0.021 0.019 0.408 0.238 0.288 
 635 G T   0.003 0.024 0.000 0.043 0.018 0.365 0.199 0.348 
 636 S L   0.003 0.023 0.000 0.136 0.022 0.018 0.162 0.635 
 637 V E   0.007 0.023 0.000 0.394 0.032 0.044 0.132 0.368 
 638 N E   0.005 0.020 0.000 0.580 0.027 0.044 0.092 0.232 
 639 D E   0.002 0.015 0.000 0.675 0.012 0.015 0.076 0.205 
 640 A E   0.001 0.008 0.000 0.759 0.010 0.012 0.109 0.102 
 641 W E   0.001 0.006 0.000 0.833 0.008 0.015 0.081 0.056 
 642 G E   0.000 0.003 0.000 0.896 0.002 0.004 0.045 0.049 
 643 V E   0.000 0.001 0.000 0.978 0.002 0.001 0.006 0.012 
 644 A E   0.001 0.001 0.000 0.991 0.001 0.001 0.001 0.005 
 645 A E   0.001 0.001 0.000 0.964 0.002 0.001 0.005 0.026 
 646 T E   0.001 0.002 0.000 0.853 0.004 0.005 0.022 0.112 
 647 L E   0.003 0.008 0.000 0.697 0.018 0.018 0.072 0.183 
 648 G L   0.004 0.023 0.000 0.266 0.006 0.065 0.271 0.365 
 649 S S   0.010 0.044 0.000 0.185 0.022 0.161 0.304 0.274 
 650 F S   0.009 0.042 0.000 0.112 0.027 0.172 0.319 0.318 
 651 R T   0.004 0.021 0.000 0.048 0.004 0.433 0.379 0.111 
 652 G T   0.001 0.009 0.000 0.109 0.002 0.353 0.238 0.287 
 653 F E   0.001 0.002 0.000 0.735 0.007 0.006 0.027 0.223 
 654 S E   0.001 0.000 0.000 0.967 0.001 0.000 0.003 0.027 
 655 L E   0.000 0.000 0.000 0.987 0.000 0.001 0.001 0.011 
 656 T E   0.000 0.000 0.000 0.982 0.000 0.000 0.001 0.016 
 657 G E   0.001 0.000 0.000 0.965 0.001 0.002 0.006 0.026 
 658 F E   0.000 0.001 0.000 0.942 0.001 0.005 0.020 0.031 
 659 Y E   0.001 0.001 0.000 0.921 0.005 0.005 0.017 0.051 
 660 N E   0.003 0.002 0.000 0.761 0.003 0.007 0.047 0.176 
 661 A E   0.014 0.009 0.000 0.673 0.005 0.021 0.049 0.228 
 662 A E   0.026 0.018 0.000 0.698 0.019 0.038 0.059 0.142 
 663 Y E   0.029 0.021 0.000 0.628 0.029 0.047 0.089 0.157 
 664 T S   0.024 0.023 0.000 0.278 0.011 0.254 0.281 0.128 
 665 G T   0.009 0.023 0.000 0.076 0.009 0.373 0.355 0.156 
 666 G T   0.008 0.028 0.000 0.021 0.005 0.356 0.343 0.239 
 667 N L   0.013 0.025 0.000 0.065 0.006 0.319 0.245 0.328 
 668 G E   0.023 0.019 0.000 0.453 0.024 0.047 0.150 0.284 
 669 Y E   0.030 0.017 0.000 0.692 0.027 0.029 0.049 0.156 
 670 F E   0.032 0.017 0.000 0.706 0.039 0.037 0.043 0.126 
 671 S E   0.030 0.021 0.000 0.507 0.020 0.053 0.096 0.272 
 672 L L   0.028 0.030 0.000 0.255 0.010 0.209 0.202 0.266 
 673 T S   0.030 0.037 0.000 0.203 0.026 0.197 0.267 0.240 
 674 T S   0.023 0.031 0.000 0.188 0.025 0.074 0.383 0.275 
 675 A L   0.019 0.031 0.000 0.181 0.021 0.216 0.225 0.306 
 676 V L   0.022 0.039 0.000 0.208 0.048 0.242 0.173 0.269 
 677 D L   0.019 0.044 0.000 0.199 0.038 0.129 0.128 0.443 
 678 A L   0.015 0.041 0.000 0.180 0.024 0.260 0.150 0.329 
 679 I S   0.010 0.029 0.000 0.178 0.043 0.246 0.269 0.224 
 680 A L   0.003 0.012 0.000 0.164 0.033 0.035 0.343 0.409 
 681 P T   0.008 0.021 0.000 0.159 0.018 0.380 0.164 0.250 
 682 G T   0.009 0.020 0.000 0.314 0.017 0.427 0.103 0.110 
 683 V E   0.009 0.019 0.000 0.560 0.041 0.111 0.063 0.197 
 684 T E   0.009 0.014 0.000 0.621 0.028 0.065 0.054 0.209 
 685 Y E   0.009 0.013 0.000 0.607 0.028 0.065 0.107 0.170 
 686 Y E   0.008 0.013 0.000 0.529 0.028 0.052 0.105 0.265 
 687 Y L   0.008 0.015 0.000 0.366 0.016 0.029 0.115 0.451 
 688 T L   0.011 0.044 0.000 0.292 0.025 0.024 0.096 0.508 
 689 I L   0.018 0.140 0.000 0.268 0.041 0.058 0.091 0.385 
 690 E L   0.015 0.154 0.000 0.198 0.023 0.178 0.090 0.343 
 691 N L   0.006 0.119 0.000 0.121 0.008 0.206 0.214 0.325 
 692 Q L   0.002 0.025 0.000 0.183 0.016 0.056 0.263 0.455 
 693 K L   0.001 0.006 0.000 0.351 0.009 0.025 0.226 0.381 
 694 Y E   0.001 0.003 0.000 0.658 0.007 0.022 0.119 0.188 
 695 S E   0.001 0.002 0.000 0.859 0.005 0.004 0.019 0.110 
 696 S E   0.000 0.001 0.000 0.935 0.001 0.001 0.008 0.053 
 697 S E   0.000 0.000 0.000 0.981 0.000 0.001 0.003 0.014 
 698 W E   0.000 0.000 0.000 0.992 0.000 0.001 0.002 0.004 
 699 G E   0.000 0.000 0.000 0.994 0.000 0.000 0.001 0.004 
 700 V E   0.000 0.000 0.000 0.997 0.000 0.000 0.000 0.002 
 701 R E   0.000 0.000 0.000 0.997 0.000 0.000 0.000 0.003 
 702 V E   0.000 0.000 0.000 0.979 0.001 0.001 0.003 0.016 
 703 A E   0.000 0.001 0.000 0.818 0.004 0.008 0.061 0.108 
 704 H E   0.002 0.002 0.000 0.563 0.016 0.011 0.267 0.140 
 705 D L   0.007 0.009 0.000 0.113 0.005 0.024 0.410 0.431 
 706 G S   0.204 0.172 0.000 0.020 0.005 0.123 0.363 0.112 
 707 K G   0.263 0.269 0.001 0.017 0.019 0.104 0.170 0.156 
 708 A G   0.266 0.344 0.000 0.006 0.005 0.054 0.046 0.277 
 709 E G   0.327 0.408 0.000 0.003 0.004 0.088 0.040 0.131 
 710 D G   0.257 0.447 0.000 0.002 0.003 0.116 0.061 0.114 
 711 A G   0.195 0.392 0.000 0.003 0.002 0.223 0.117 0.067 
 712 L T   0.163 0.212 0.001 0.035 0.021 0.369 0.131 0.068 
 713 I L   0.021 0.011 0.000 0.088 0.075 0.040 0.318 0.447 
 714 P L   0.003 0.011 0.000 0.049 0.013 0.396 0.046 0.481 
 715 T T   0.002 0.015 0.000 0.107 0.005 0.456 0.150 0.264 
 716 L E   0.000 0.005 0.000 0.527 0.005 0.007 0.026 0.429 
 717 N E   0.001 0.001 0.000 0.896 0.003 0.001 0.009 0.090 
 718 L E   0.000 0.000 0.000 0.987 0.001 0.001 0.002 0.008 
 719 T E   0.000 0.000 0.000 0.992 0.000 0.000 0.001 0.006 
 720 A E   0.000 0.000 0.000 0.992 0.000 0.000 0.002 0.005 
 721 Q E   0.000 0.000 0.000 0.978 0.000 0.003 0.008 0.011 
 722 Y E   0.000 0.000 0.000 0.976 0.001 0.003 0.009 0.012 
 723 A E   0.000 0.000 0.000 0.974 0.000 0.001 0.003 0.021 
 724 T E   0.000 0.000 0.000 0.989 0.001 0.000 0.001 0.008 
 725 Y E   0.001 0.000 0.000 0.965 0.001 0.001 0.003 0.029 
 726 Y E   0.001 0.001 0.000 0.866 0.006 0.005 0.014 0.107 
 727 V E   0.001 0.004 0.000 0.550 0.014 0.043 0.185 0.203 
 728 S T   0.002 0.012 0.000 0.124 0.010 0.398 0.284 0.169 
 729 G S   0.001 0.012 0.000 0.052 0.001 0.443 0.445 0.046 
 730 H S   0.004 0.013 0.000 0.355 0.013 0.142 0.358 0.115 
 731 T E   0.005 0.005 0.000 0.524 0.013 0.041 0.247 0.166 
 732 D E   0.008 0.002 0.000 0.615 0.006 0.015 0.168 0.186 
 733 I E   0.023 0.002 0.000 0.801 0.006 0.003 0.017 0.148 
 734 Q E   0.046 0.003 0.000 0.905 0.002 0.003 0.010 0.030 
 735 V E   0.050 0.006 0.000 0.911 0.002 0.005 0.007 0.020 
 736 Y E   0.048 0.010 0.000 0.841 0.003 0.015 0.018 0.064 
 737 A E   0.039 0.013 0.000 0.601 0.004 0.020 0.107 0.216 
 738 D E   0.034 0.019 0.000 0.444 0.024 0.028 0.104 0.347 
 739 L T   0.038 0.049 0.000 0.107 0.007 0.369 0.270 0.160 
 740 A S   0.024 0.051 0.000 0.039 0.005 0.332 0.440 0.109 
 741 K S   0.026 0.070 0.000 0.022 0.005 0.131 0.638 0.107 
 742 P L   0.028 0.082 0.000 0.026 0.005 0.193 0.088 0.578 
 743 F L   0.038 0.105 0.000 0.135 0.012 0.059 0.063 0.589 
 744 K E   0.051 0.098 0.000 0.420 0.045 0.044 0.102 0.240 
 745 L E   0.034 0.085 0.000 0.453 0.017 0.063 0.132 0.216 
 746 A E   0.013 0.077 0.000 0.449 0.005 0.063 0.150 0.241 
 747 I E   0.006 0.068 0.000 0.609 0.007 0.036 0.101 0.172 
 748 L E   0.001 0.028 0.000 0.807 0.004 0.004 0.015 0.140 
 749 S E   0.000 0.006 0.000 0.943 0.004 0.001 0.006 0.040 
 750 L E   0.000 0.001 0.000 0.961 0.003 0.001 0.004 0.030 
 751 S E   0.000 0.000 0.000 0.914 0.001 0.001 0.003 0.080 
 752 P E   0.000 0.001 0.000 0.903 0.002 0.007 0.015 0.072 
 753 G E   0.000 0.001 0.000 0.926 0.002 0.007 0.029 0.035 
 754 F E   0.000 0.001 0.000 0.970 0.001 0.001 0.005 0.023 
 755 R E   0.000 0.000 0.000 0.982 0.001 0.000 0.001 0.014 
 756 Y E   0.000 0.001 0.000 0.946 0.003 0.001 0.005 0.044 
 757 H E   0.001 0.003 0.000 0.752 0.006 0.006 0.042 0.191 
 758 S E   0.003 0.010 0.000 0.573 0.020 0.049 0.102 0.242 
 759 F E   0.005 0.015 0.000 0.388 0.036 0.174 0.090 0.291 
 760 A T   0.006 0.014 0.000 0.164 0.019 0.343 0.124 0.329 
 761 G T   0.005 0.010 0.000 0.067 0.015 0.395 0.188 0.320 
 762 A T   0.004 0.009 0.000 0.029 0.012 0.505 0.124 0.317 
 763 G T   0.004 0.010 0.000 0.022 0.011 0.493 0.201 0.258 
 764 S S   0.002 0.010 0.000 0.029 0.017 0.159 0.531 0.250 
 765 A S   0.002 0.012 0.000 0.039 0.024 0.089 0.420 0.414 
 766 P L   0.003 0.018 0.000 0.067 0.010 0.267 0.136 0.501 
 767 T L   0.003 0.019 0.000 0.274 0.015 0.255 0.095 0.340 
 768 Y E   0.002 0.010 0.000 0.533 0.013 0.042 0.054 0.346 
 769 T E   0.001 0.003 0.000 0.683 0.003 0.007 0.096 0.207 
 770 T E   0.000 0.001 0.000 0.931 0.003 0.002 0.012 0.051 
 771 L E   0.000 0.000 0.000 0.989 0.000 0.000 0.001 0.009 
 772 K E   0.000 0.000 0.000 0.995 0.000 0.000 0.001 0.004 
 773 G E   0.000 0.000 0.000 0.990 0.000 0.001 0.003 0.006 
 774 G E   0.000 0.000 0.000 0.972 0.000 0.002 0.007 0.019 
 775 V E   0.000 0.000 0.000 0.979 0.000 0.000 0.003 0.017 
 776 Q E   0.000 0.000 0.000 0.982 0.001 0.000 0.002 0.016 
 777 V E   0.000 0.000 0.000 0.947 0.001 0.000 0.002 0.049 
 778 S E   0.000 0.001 0.000 0.819 0.007 0.003 0.021 0.149 
 779 T E   0.001 0.002 0.000 0.508 0.007 0.018 0.331 0.134 
 780 D E   0.003 0.012 0.000 0.318 0.010 0.042 0.312 0.303 
 781 P E   0.023 0.199 0.000 0.246 0.005 0.241 0.180 0.106 
 782 L E   0.023 0.225 0.000 0.295 0.011 0.257 0.064 0.125 
 783 L E   0.021 0.210 0.000 0.327 0.014 0.173 0.116 0.140 
 784 F S   0.008 0.025 0.000 0.348 0.021 0.101 0.357 0.140 
 785 G E   0.001 0.002 0.000 0.367 0.007 0.017 0.248 0.357 
 786 L E   0.001 0.001 0.000 0.546 0.006 0.010 0.074 0.363 
 787 S E   0.001 0.001 0.000 0.869 0.006 0.004 0.014 0.106 
 788 L E   0.000 0.001 0.000 0.956 0.002 0.001 0.004 0.036 
 789 D E   0.000 0.000 0.000 0.962 0.001 0.001 0.002 0.034 
 790 G E   0.000 0.001 0.000 0.965 0.000 0.001 0.004 0.029 
 791 A E   0.000 0.001 0.000 0.973 0.000 0.001 0.005 0.020 
 792 V E   0.000 0.000 0.000 0.986 0.000 0.001 0.002 0.011 
 793 S E   0.000 0.000 0.000 0.982 0.000 0.000 0.002 0.015 
 794 Y E   0.000 0.000 0.000 0.972 0.001 0.001 0.002 0.023 
 795 R E   0.000 0.001 0.000 0.927 0.003 0.001 0.003 0.065 
 796 R E   0.001 0.002 0.000 0.735 0.005 0.004 0.015 0.238 
 797 T E   0.005 0.010 0.000 0.526 0.008 0.033 0.083 0.335 
 798 Q E   0.009 0.019 0.000 0.425 0.014 0.055 0.155 0.322 
 799 Y E   0.013 0.027 0.000 0.372 0.027 0.093 0.129 0.339 
 800 T L   0.012 0.022 0.000 0.278 0.022 0.158 0.140 0.368 
 801 N L   0.009 0.019 0.000 0.160 0.021 0.173 0.274 0.342 
 802 N L   0.004 0.020 0.000 0.035 0.005 0.188 0.224 0.525 
 803 P T   0.008 0.039 0.000 0.017 0.003 0.490 0.071 0.372 
 804 S T   0.011 0.040 0.000 0.035 0.007 0.470 0.079 0.357 
 805 N L   0.006 0.025 0.000 0.104 0.013 0.103 0.196 0.552 
 806 V L   0.005 0.007 0.000 0.289 0.031 0.028 0.153 0.487 
 807 T E   0.002 0.005 0.000 0.454 0.014 0.018 0.100 0.409 
 808 T E   0.001 0.006 0.000 0.631 0.008 0.013 0.069 0.272 
 809 Y E   0.001 0.003 0.000 0.762 0.003 0.004 0.037 0.191 
 810 E E   0.000 0.001 0.000 0.918 0.002 0.001 0.006 0.071 
 811 L E   0.000 0.000 0.000 0.977 0.000 0.000 0.001 0.021 
 812 Y E   0.000 0.000 0.000 0.989 0.000 0.000 0.001 0.009 
 813 Y E   0.000 0.000 0.000 0.991 0.000 0.000 0.001 0.008 
 814 R E   0.000 0.000 0.000 0.986 0.000 0.000 0.002 0.012 
 815 A E   0.000 0.000 0.000 0.978 0.000 0.001 0.004 0.017 
 816 G E   0.000 0.000 0.000 0.967 0.000 0.001 0.007 0.025 
 817 V E   0.000 0.000 0.000 0.966 0.001 0.001 0.002 0.030 
 818 K E   0.002 0.002 0.000 0.951 0.002 0.001 0.005 0.038 
 819 L E   0.009 0.022 0.000 0.849 0.008 0.012 0.014 0.086 
 820 Q L   0.022 0.092 0.000 0.328 0.004 0.023 0.051 0.481 
 821 D L   0.038 0.167 0.000 0.220 0.024 0.076 0.111 0.364 
 822 F T   0.035 0.136 0.001 0.117 0.010 0.434 0.106 0.161 
 823 L T   0.017 0.082 0.000 0.083 0.017 0.505 0.216 0.080 
 824 A L   0.002 0.014 0.000 0.063 0.030 0.060 0.404 0.426 
 825 P T   0.002 0.009 0.000 0.019 0.004 0.853 0.090 0.023 
 826 K T   0.001 0.006 0.000 0.042 0.002 0.852 0.043 0.054 
 827 L L   0.001 0.002 0.000 0.408 0.010 0.007 0.023 0.549 
 828 N E   0.001 0.000 0.000 0.846 0.006 0.003 0.011 0.133 
 829 F E   0.000 0.000 0.000 0.974 0.001 0.001 0.002 0.022 
 830 S E   0.000 0.000 0.000 0.985 0.000 0.000 0.001 0.014 
 831 V E   0.000 0.000 0.000 0.989 0.000 0.000 0.001 0.009 
 832 A E   0.000 0.000 0.000 0.984 0.000 0.000 0.002 0.013 
 833 Y E   0.000 0.001 0.000 0.965 0.001 0.003 0.008 0.023 
 834 A E   0.001 0.003 0.000 0.937 0.001 0.010 0.019 0.030 
 835 H E   0.001 0.002 0.000 0.932 0.002 0.008 0.023 0.032 
 836 Y E   0.001 0.001 0.000 0.909 0.006 0.003 0.011 0.068 
 837 E E   0.003 0.003 0.000 0.776 0.013 0.018 0.026 0.162 
 838 G E   0.011 0.023 0.000 0.481 0.011 0.173 0.154 0.146 
 839 D E   0.022 0.044 0.000 0.361 0.014 0.199 0.200 0.160 
 840 Q E   0.028 0.058 0.000 0.354 0.026 0.139 0.229 0.165 
 841 L E   0.034 0.055 0.000 0.356 0.039 0.169 0.111 0.237 
 842 A T   0.032 0.056 0.000 0.327 0.028 0.328 0.078 0.151 
 843 G T   0.023 0.045 0.000 0.280 0.033 0.288 0.164 0.166 
 844 T L   0.013 0.033 0.000 0.210 0.034 0.190 0.138 0.381 
 845 G L   0.004 0.014 0.000 0.136 0.027 0.096 0.331 0.392 
 846 L L   0.002 0.007 0.000 0.097 0.015 0.044 0.171 0.663 
 847 P L   0.004 0.008 0.000 0.174 0.021 0.042 0.204 0.546 
 848 V E   0.010 0.010 0.000 0.466 0.099 0.050 0.143 0.221 
 849 V E   0.012 0.018 0.000 0.528 0.055 0.115 0.101 0.170 
 850 G E   0.012 0.021 0.000 0.490 0.044 0.113 0.139 0.180 
 851 S E   0.013 0.020 0.000 0.373 0.078 0.046 0.176 0.294 
 852 G S   0.013 0.038 0.000 0.126 0.022 0.074 0.418 0.308 
 853 N S   0.023 0.094 0.000 0.044 0.016 0.071 0.492 0.261 
 854 Q S   0.041 0.187 0.000 0.040 0.035 0.077 0.314 0.307 
 855 A L   0.044 0.185 0.000 0.042 0.028 0.088 0.058 0.554 
 856 F L   0.052 0.147 0.000 0.064 0.101 0.064 0.107 0.464 
 857 N L   0.044 0.043 0.000 0.063 0.101 0.033 0.092 0.622 
 858 F T   0.078 0.073 0.001 0.037 0.026 0.564 0.091 0.132 
 859 A T   0.075 0.064 0.000 0.039 0.033 0.508 0.122 0.158 
 860 R T   0.075 0.079 0.001 0.038 0.052 0.324 0.191 0.240 
 861 D L   0.051 0.046 0.000 0.032 0.017 0.311 0.220 0.321 
 862 R L   0.044 0.057 0.000 0.107 0.085 0.123 0.215 0.369 
 863 V L   0.041 0.053 0.000 0.186 0.095 0.162 0.106 0.357 
 864 Y L   0.029 0.044 0.000 0.187 0.074 0.276 0.108 0.282 
 865 R S   0.013 0.019 0.000 0.122 0.066 0.113 0.337 0.330 
 866 S S   0.003 0.005 0.000 0.034 0.017 0.038 0.487 0.417 
 867 P S   0.001 0.008 0.000 0.005 0.008 0.086 0.620 0.272 
 868 D S   0.001 0.020 0.000 0.004 0.017 0.121 0.438 0.397 
 869 P S   0.008 0.045 0.000 0.013 0.014 0.287 0.328 0.306 
 870 I T   0.016 0.045 0.000 0.074 0.059 0.353 0.219 0.234 
 871 A L   0.018 0.034 0.000 0.120 0.144 0.135 0.220 0.329 
 872 A L   0.013 0.034 0.000 0.105 0.050 0.065 0.234 0.500 
 873 P G   0.033 0.256 0.000 0.115 0.022 0.234 0.132 0.208 
 874 W G   0.032 0.297 0.000 0.198 0.019 0.288 0.076 0.089 
 875 L G   0.028 0.282 0.000 0.234 0.031 0.227 0.069 0.128 
 876 A L   0.017 0.085 0.000 0.198 0.082 0.104 0.159 0.355 
 877 T L   0.002 0.008 0.000 0.069 0.019 0.045 0.288 0.569 
 878 P T   0.004 0.011 0.000 0.028 0.018 0.510 0.141 0.289 
 879 G T   0.003 0.012 0.000 0.018 0.006 0.590 0.163 0.207 
 880 T L   0.002 0.012 0.000 0.073 0.013 0.225 0.228 0.447 
 881 Q L   0.002 0.006 0.000 0.310 0.053 0.034 0.205 0.390 
 882 A E   0.001 0.005 0.000 0.482 0.015 0.022 0.109 0.365 
 883 G E   0.001 0.005 0.000 0.759 0.010 0.015 0.060 0.151 
 884 K E   0.000 0.002 0.000 0.889 0.007 0.002 0.017 0.082 
 885 L E   0.000 0.001 0.000 0.911 0.005 0.001 0.008 0.074 
 886 D E   0.000 0.000 0.000 0.889 0.001 0.002 0.019 0.089 
 887 G E   0.000 0.000 0.000 0.943 0.001 0.002 0.013 0.040 
 888 F E   0.000 0.000 0.000 0.991 0.000 0.001 0.002 0.006 
 889 Y E   0.000 0.000 0.000 0.996 0.000 0.000 0.001 0.003 
 890 I E   0.000 0.000 0.000 0.996 0.000 0.000 0.001 0.003 
 891 E E   0.000 0.000 0.000 0.990 0.000 0.000 0.001 0.008 
 892 A E   0.001 0.002 0.000 0.966 0.001 0.002 0.004 0.024 
 893 K E   0.001 0.018 0.000 0.888 0.002 0.020 0.023 0.047 
 894 Y E   0.003 0.062 0.000 0.791 0.004 0.062 0.041 0.035 
 895 Y E   0.005 0.067 0.000 0.572 0.001 0.293 0.043 0.019 
 896 D E   0.003 0.048 0.000 0.563 0.001 0.304 0.052 0.028 
 897 L E   0.001 0.003 0.000 0.837 0.003 0.006 0.009 0.141 
 898 T E   0.000 0.000 0.000 0.962 0.001 0.000 0.003 0.032 
 899 V E   0.000 0.000 0.000 0.987 0.000 0.001 0.002 0.010 
 900 A E   0.000 0.000 0.000 0.988 0.000 0.000 0.002 0.010 
 901 Y E   0.000 0.000 0.000 0.988 0.000 0.000 0.002 0.009 
 902 G E   0.000 0.000 0.000 0.986 0.000 0.000 0.002 0.011 
 903 E E   0.000 0.000 0.000 0.991 0.000 0.000 0.001 0.007 
 904 F E   0.000 0.000 0.000 0.991 0.000 0.000 0.001 0.008 
 905 V E   0.001 0.001 0.000 0.966 0.001 0.000 0.001 0.030 
 906 L E   0.002 0.004 0.000 0.838 0.002 0.005 0.012 0.137 
 907 D E   0.004 0.009 0.000 0.647 0.013 0.039 0.053 0.235 
 908 D L   0.006 0.015 0.000 0.358 0.022 0.093 0.053 0.454 
 909 L L   0.004 0.022 0.000 0.048 0.006 0.317 0.172 0.430 
 910 N T   0.002 0.021 0.000 0.010 0.006 0.390 0.208 0.361 
 911 G S   0.003 0.017 0.000 0.008 0.007 0.248 0.391 0.326 
 912 T S   0.001 0.008 0.000 0.023 0.013 0.109 0.495 0.351 
 913 N L   0.001 0.009 0.000 0.049 0.026 0.024 0.389 0.503 
 914 P L   0.002 0.034 0.000 0.091 0.011 0.049 0.107 0.704 
 915 N L   0.005 0.067 0.000 0.328 0.016 0.097 0.152 0.334 
 916 F E   0.006 0.067 0.000 0.579 0.019 0.113 0.059 0.158 
 917 G E   0.004 0.045 0.000 0.644 0.010 0.057 0.025 0.217 
 918 R E   0.002 0.018 0.000 0.715 0.009 0.015 0.023 0.218 
 919 G E   0.000 0.005 0.000 0.823 0.004 0.006 0.017 0.145 
 920 F E   0.000 0.001 0.000 0.938 0.002 0.002 0.006 0.051 
 921 K E   0.000 0.000 0.000 0.984 0.001 0.000 0.002 0.013 
 922 I E   0.000 0.000 0.000 0.990 0.000 0.000 0.001 0.008 
 923 S E   0.000 0.000 0.000 0.989 0.000 0.000 0.001 0.010 
 924 Y E   0.000 0.000 0.000 0.986 0.000 0.000 0.001 0.012 
 925 T E   0.000 0.000 0.000 0.973 0.000 0.000 0.001 0.025 
 926 V E   0.000 0.000 0.000 0.968 0.001 0.000 0.004 0.026 
 927 K E   0.000 0.000 0.000 0.877 0.016 0.003 0.001 0.104 
 928 F L   0.000 0.000 0.000 0.002 0.000 0.000 0.000 0.998 
